0,0,61386b90-f440-4479-a00c-275650ef1354
0,0,fce35cd6-bd51-44ab-9dcc-7fea3e8c722b
0,0,0e6a59f4-ea76-457e-8ca5-2cf10abc8d40
0,0,bd0daebd-c103-4b99-9c76-850654d46b0e
0,0,9413e0c9-8b8c-4574-b3c7-a4e57c39f865
0,0,efd9d2a2-e17f-498d-9703-c42d65988ce4
0,0,6f87d2f4-dbd0-4301-8f5f-7698c2c1c808
0,0,42c251a5-5172-4c11-8a19-07f217aae14b
0,0,49693608-5e8a-4172-9f73-c5443777a111
0,0,975cf322-1951-473a-8979-019dd1949eb2
0,0,f6e27564-fbaa-4031-a5a5-993cc9aa73e5
0,0,10cf89b0-1f30-4f16-b58e-f38e1351e4fa
0,0,4ecf9104-f391-4ffb-89b2-c3647586216f
0,0,50474241-1204-4f75-8184-3d0fe8bbddba
0,0,381dfa21-c8d0-46ff-9a3c-4fbea7dfac0f
0,0,be004426-b05d-4785-a46b-ca1906caab5c
0,0,802c0ade-4b4e-4f0e-844f-4a79ec04b44f
0,0,cc71d182-d1f6-427e-9fe0-1f1315f79eae
0,0,9bac5083-a98d-44f6-8315-e915824814aa
0,0,6920554c-4b40-4ab6-9c93-bc3e10901f6f
0,0,dca991f4-6e8f-4b84-b45a-29f670fc18d7
0,0,736d6460-9499-48da-9cf6-3da5fb8b7700
0,0,c7581549-e60c-4db1-a7c7-ca60201f9968
0,0,1bf264f8-a6db-4fac-98b7-ad0975818404
0,0,07389a44-0354-4cf5-9791-3fa608948381
0,0,280aaae8-e914-4ce0-8111-798456d52065
0,0,0d57d6e5-16d4-4710-86c6-90a566c6a86b
0,0,ef20d09a-b3e6-47e8-bdbc-f2dc9572a6ff
0,0,b5f3981a-b2a9-4dcf-9cca-883551d27acf
0,0,1fbac966-7469-4de7-940e-a846dd625ede
0.19127237833005292,1,fce35cd6-bd51-44ab-9dcc-7fea3e8c722b
0.2419126213428548,1,bd0daebd-c103-4b99-9c76-850654d46b0e
0.16582472917399,1,9413e0c9-8b8c-4574-b3c7-a4e57c39f865
0.0917259178658157,1,49693608-5e8a-4172-9f73-c5443777a111
0.4932950482365818,1,381dfa21-c8d0-46ff-9a3c-4fbea7dfac0f
0.2107772793942249,1,cc71d182-d1f6-427e-9fe0-1f1315f79eae
0.05620519885292253,1,9bac5083-a98d-44f6-8315-e915824814aa
0.13363532382165416,1,736d6460-9499-48da-9cf6-3da5fb8b7700
0.1804751626596132,1,1bf264f8-a6db-4fac-98b7-ad0975818404
0.22317313301688216,1,07389a44-0354-4cf5-9791-3fa608948381
0.31240897189731515,1,280aaae8-e914-4ce0-8111-798456d52065
0.18360695612181016,1,0d57d6e5-16d4-4710-86c6-90a566c6a86b
0.3399768619435671,1,ef20d09a-b3e6-47e8-bdbc-f2dc9572a6ff
0.3026827244720267,1,b5f3981a-b2a9-4dcf-9cca-883551d27acf
0.05503364135398202,1,3d174c3b-f607-43e1-a388-907395e9529b
0.2241330445853932,1,489c8d4c-9d5d-4819-8d04-8991647d0639
0.09274452576763084,1,56d0018a-11c8-45be-8cd6-c3a38c68ff8a
0.12639702308795003,1,c108d6ec-cc45-45f1-9861-984eb8fca2de
0.1137844623857678,1,e18d46e6-529e-40c6-bf8c-eafeaa4f66b0
0.09153635161570087,1,b5dd564e-9366-415e-bf60-ef36563d5821
0.08081511388931958,1,5cf7d09e-74e0-43d8-8a06-da1240ab1095
0.2071742846447046,1,f3a4c3d1-f1ea-4efd-8f71-339ba660c7a7
0.5345784259802314,1,1b9aab76-3ac6-4f3b-94f4-1870bdd543e4
0.12182467413480835,1,fb4e697e-85e6-450e-b72c-6eddc36a4ee6
0.09301652141583283,1,e2e4127c-4bda-4a61-ad00-b114488bdfee
0.10619733191271989,1,3d9ccc77-b19c-48ae-9066-22dcf9982638
0.22116022551935172,1,4226a32c-4a8b-4a32-bc59-796a0b734d37
0.15728108927581644,1,55f7c8e8-07f9-48f6-94ac-d013ba0164be
0.2549158380220241,1,0695a8ea-e7d6-47fe-bb1e-0b732006bc54
0.11240130291852288,0,cd0ed297-b189-4217-90d8-f95fe2bc6c20
0.19127237833005292,2,fce35cd6-bd51-44ab-9dcc-7fea3e8c722b
0.2419126213428548,2,bd0daebd-c103-4b99-9c76-850654d46b0e
0.4932950482365818,2,381dfa21-c8d0-46ff-9a3c-4fbea7dfac0f
0.13363532382165416,2,736d6460-9499-48da-9cf6-3da5fb8b7700
0.1804751626596132,2,1bf264f8-a6db-4fac-98b7-ad0975818404
0.3399768619435671,2,ef20d09a-b3e6-47e8-bdbc-f2dc9572a6ff
0.05503364135398202,2,3d174c3b-f607-43e1-a388-907395e9529b
0.09274452576763084,2,56d0018a-11c8-45be-8cd6-c3a38c68ff8a
0.1137844623857678,2,e18d46e6-529e-40c6-bf8c-eafeaa4f66b0
0.5345784259802314,2,1b9aab76-3ac6-4f3b-94f4-1870bdd543e4
0.12182467413480835,2,fb4e697e-85e6-450e-b72c-6eddc36a4ee6
0.09301652141583283,2,e2e4127c-4bda-4a61-ad00-b114488bdfee
0.10619733191271989,2,3d9ccc77-b19c-48ae-9066-22dcf9982638
0.15728108927581644,2,55f7c8e8-07f9-48f6-94ac-d013ba0164be
0.11240130291852288,1,cd0ed297-b189-4217-90d8-f95fe2bc6c20
0.36025040080632437,2,0657f9bd-6e16-4bd4-86a0-2cdf5e37c92a
0.23720579945184175,2,64c9f047-facf-422d-8837-86ab5b812154
0.3130271224453569,2,85b12bd1-39cf-4e77-9129-f4775e6116a4
0.34087855531395345,2,56256c45-9a87-469e-bcbf-9d0bfd5e1ea3
0.22357471572130524,2,54e07e4f-2020-49d5-b9e8-ec6f06373eb9
0.12339731913484928,2,c365ef1f-eac2-4034-a17c-02a14cc1b9c1
0.09552640150960501,2,1e480056-a699-43e8-8fca-469f61f0c496
0.2469874610430548,2,4c2b0197-8b75-4a47-a458-08ba82752b57
0.4718503603818127,2,34f1cbd2-3dd9-4708-b69c-5b376c1f2efd
0.024915994456783965,2,062908ee-1d91-464b-97c2-34bc01209820
0.41852541504865465,2,85949637-305c-4346-b076-14821ebcc23d
0.3699897837114317,2,b7c31bfa-834f-4180-b276-213f511065aa
0.2161649111041802,2,bac98b6d-aa54-45c4-a825-72b0a8b5ee67
0.11168520347126881,1,bb4729c5-42b3-4670-b934-930eefef6725
0.0226867941078932,0,601f9e06-99f4-4d52-a978-020a084a8345
0.19127237833005292,3,fce35cd6-bd51-44ab-9dcc-7fea3e8c722b
0.2419126213428548,3,bd0daebd-c103-4b99-9c76-850654d46b0e
0.4932950482365818,3,381dfa21-c8d0-46ff-9a3c-4fbea7dfac0f
0.3399768619435671,3,ef20d09a-b3e6-47e8-bdbc-f2dc9572a6ff
0.5345784259802314,3,1b9aab76-3ac6-4f3b-94f4-1870bdd543e4
0.12182467413480835,3,fb4e697e-85e6-450e-b72c-6eddc36a4ee6
0.09301652141583283,3,e2e4127c-4bda-4a61-ad00-b114488bdfee
0.11240130291852288,2,cd0ed297-b189-4217-90d8-f95fe2bc6c20
0.23720579945184175,3,64c9f047-facf-422d-8837-86ab5b812154
0.34087855531395345,3,56256c45-9a87-469e-bcbf-9d0bfd5e1ea3
0.12339731913484928,3,c365ef1f-eac2-4034-a17c-02a14cc1b9c1
0.09552640150960501,3,1e480056-a699-43e8-8fca-469f61f0c496
0.4718503603818127,3,34f1cbd2-3dd9-4708-b69c-5b376c1f2efd
0.41852541504865465,3,85949637-305c-4346-b076-14821ebcc23d
0.11168520347126881,2,bb4729c5-42b3-4670-b934-930eefef6725
0.0226867941078932,1,601f9e06-99f4-4d52-a978-020a084a8345
0.4662411689132442,3,d388f03e-56c3-43f0-8147-f74068784a23
0.20899038916280016,3,3f4afdd1-c9d1-4fc4-9d3e-3bcbe70d5115
0.41236879223793615,3,01dab028-b3da-4c78-a1e9-c5226a581526
0.3247265478818651,3,b1504b13-ec1e-4389-9bfb-55e1cc994ba4
0.31744399344734786,3,59f49f47-c3cf-4629-9856-f345e0a58c10
0.09582470014860388,3,73f988d9-f515-4110-9d03-f54624bfe8bf
0.32727507621052626,3,5a63590b-c02b-47b1-a1f8-02ddcbbc6071
0.07385374841494953,3,3b43b3d6-3ee9-4360-b78b-7183a139956b
0.024573156664814997,3,a43c9fc4-3f6e-4546-9ca6-29baad6a62d4
0.4501974547734779,3,d93b301b-1ec3-4b0b-b313-648250cfbb4b
0.12631083968089724,3,aa017480-1d2c-4a77-a3bf-b2337bcd3925
0.11172406326439739,2,f4d7567d-55b1-4386-8a34-414c746fa214
0.036732706680182796,1,d19ab808-1be3-4dcd-9662-46c73d34b9b4
0.05848987848189514,0,ef8eeaad-e8af-4848-8296-f23cad3e3ec1
0.2419126213428548,4,bd0daebd-c103-4b99-9c76-850654d46b0e
0.4932950482365818,4,381dfa21-c8d0-46ff-9a3c-4fbea7dfac0f
0.3399768619435671,4,ef20d09a-b3e6-47e8-bdbc-f2dc9572a6ff
0.5345784259802314,4,1b9aab76-3ac6-4f3b-94f4-1870bdd543e4
0.12182467413480835,4,fb4e697e-85e6-450e-b72c-6eddc36a4ee6
0.11240130291852288,3,cd0ed297-b189-4217-90d8-f95fe2bc6c20
0.34087855531395345,4,56256c45-9a87-469e-bcbf-9d0bfd5e1ea3
0.4718503603818127,4,34f1cbd2-3dd9-4708-b69c-5b376c1f2efd
0.11168520347126881,3,bb4729c5-42b3-4670-b934-930eefef6725
0.0226867941078932,2,601f9e06-99f4-4d52-a978-020a084a8345
0.4662411689132442,4,d388f03e-56c3-43f0-8147-f74068784a23
0.41236879223793615,4,01dab028-b3da-4c78-a1e9-c5226a581526
0.31744399344734786,4,59f49f47-c3cf-4629-9856-f345e0a58c10
0.07385374841494953,4,3b43b3d6-3ee9-4360-b78b-7183a139956b
0.4501974547734779,4,d93b301b-1ec3-4b0b-b313-648250cfbb4b
0.036732706680182796,2,d19ab808-1be3-4dcd-9662-46c73d34b9b4
0.05848987848189514,1,ef8eeaad-e8af-4848-8296-f23cad3e3ec1
0.2338261615266109,4,e5ebaf77-5153-4ec1-b926-7528d89b77c8
0.11297885202879901,3,dcf2e15f-ca26-4fcd-9fa4-93d921e4c438
0.31033522011366876,4,d5be9eea-5458-4b31-8bad-495e054bdbcc
0.09646545784256083,4,cdb05fbc-ec26-4ce1-bdeb-09635454ef37
0.43718405552718625,4,577ead9b-56b2-487e-bfe8-fb41d8114b34
0.11120504401924092,3,0b8749cd-4fd9-4051-87f2-6d00ce2c068f
0.01664407688235983,2,cadee910-4d72-458f-9ed2-11b8abfda618
0.5235391719011213,4,f46e3711-b4c1-463b-a9ba-066bbce8179f
0.28992122770973183,4,642cdc45-738a-4f47-bef0-0343fc9b3be8
0.0855650367175655,3,ff4ec373-6746-4c12-8870-3dc358340407
0.03937291431514281,2,9034eb46-615e-46c5-86d9-98a62d9b70b6
0.01250427649895693,1,6d3d43e2-2aed-487c-bb83-74093284abac
0.28100190136597725,0,41cac279-3d29-46b4-9f74-bc589b0140f1
0.4932950482365818,5,381dfa21-c8d0-46ff-9a3c-4fbea7dfac0f
0.3399768619435671,5,ef20d09a-b3e6-47e8-bdbc-f2dc9572a6ff
0.5345784259802314,5,1b9aab76-3ac6-4f3b-94f4-1870bdd543e4
0.11240130291852288,4,cd0ed297-b189-4217-90d8-f95fe2bc6c20
0.34087855531395345,5,56256c45-9a87-469e-bcbf-9d0bfd5e1ea3
0.11168520347126881,4,bb4729c5-42b3-4670-b934-930eefef6725
0.0226867941078932,3,601f9e06-99f4-4d52-a978-020a084a8345
0.4662411689132442,5,d388f03e-56c3-43f0-8147-f74068784a23
0.41236879223793615,5,01dab028-b3da-4c78-a1e9-c5226a581526
0.4501974547734779,5,d93b301b-1ec3-4b0b-b313-648250cfbb4b
0.036732706680182796,3,d19ab808-1be3-4dcd-9662-46c73d34b9b4
0.05848987848189514,2,ef8eeaad-e8af-4848-8296-f23cad3e3ec1
0.11297885202879901,4,dcf2e15f-ca26-4fcd-9fa4-93d921e4c438
0.11120504401924092,4,0b8749cd-4fd9-4051-87f2-6d00ce2c068f
0.5235391719011213,5,f46e3711-b4c1-463b-a9ba-066bbce8179f
0.0855650367175655,4,ff4ec373-6746-4c12-8870-3dc358340407
0.03937291431514281,3,9034eb46-615e-46c5-86d9-98a62d9b70b6
0.01250427649895693,2,6d3d43e2-2aed-487c-bb83-74093284abac
0.28100190136597725,1,41cac279-3d29-46b4-9f74-bc589b0140f1
0.33894686535549257,5,d941d2b9-c805-4d32-92c5-fdd008e3f22e
0.16588443834583577,3,b451b33a-b7e3-4163-b282-ca783a608333
0.22116611219798019,5,884024ae-647a-4acb-a0d2-5c9f9f41e2f3
0.11921267154584413,5,e22789f7-8160-4a03-bf60-e69c9f09842b
0.04135666877325932,3,5faf7287-caf6-4aba-9db6-89e18fa6263e
0.014405200090381445,2,4d70a982-3b1e-4072-9c70-25d05882137d
0.48205327557513566,5,e6e14526-609f-4250-bfa9-fb265bb5bb49
0.1116052768245022,4,a3c85916-0bd7-4cd9-a321-28a3a77faf76
0.0855650367175655,4,155b7282-9759-474f-bb89-3b2502e8fdb0
0.2895805427441646,1,f5b09be7-f2ce-4f8c-b5aa-9c99f89a5609
0.07991108109393387,0,01a7a420-7cda-4fdd-b0ff-093bb148c2b5
0.5345784259802314,6,1b9aab76-3ac6-4f3b-94f4-1870bdd543e4
0.11240130291852288,5,cd0ed297-b189-4217-90d8-f95fe2bc6c20
0.34087855531395345,6,56256c45-9a87-469e-bcbf-9d0bfd5e1ea3
0.4662411689132442,6,d388f03e-56c3-43f0-8147-f74068784a23
0.41236879223793615,6,01dab028-b3da-4c78-a1e9-c5226a581526
0.05848987848189514,3,ef8eeaad-e8af-4848-8296-f23cad3e3ec1
0.11297885202879901,5,dcf2e15f-ca26-4fcd-9fa4-93d921e4c438
0.5235391719011213,6,f46e3711-b4c1-463b-a9ba-066bbce8179f
0.03937291431514281,4,9034eb46-615e-46c5-86d9-98a62d9b70b6
0.28100190136597725,2,41cac279-3d29-46b4-9f74-bc589b0140f1
0.16588443834583577,4,b451b33a-b7e3-4163-b282-ca783a608333
0.014405200090381445,3,4d70a982-3b1e-4072-9c70-25d05882137d
0.48205327557513566,6,e6e14526-609f-4250-bfa9-fb265bb5bb49
0.0855650367175655,5,155b7282-9759-474f-bb89-3b2502e8fdb0
0.2895805427441646,2,f5b09be7-f2ce-4f8c-b5aa-9c99f89a5609
0.07991108109393387,1,01a7a420-7cda-4fdd-b0ff-093bb148c2b5
0.11297276258605463,5,122860af-9050-4113-9fa3-d281baa9813f
0.5313157549246226,6,a8e2afa9-3e35-465a-9cd7-e4b3d90a79ed
0.17624594936532142,6,93d00c62-fc19-48a2-b6bb-89aa896641c6
0.03211787572413891,4,9a8e8541-f023-4a98-93bf-67f018baa91f
0.05788539859646205,3,583f14ea-1647-4551-afa4-78921f167bbc
0.07619722719537482,3,963dd5ff-c8e9-457e-bc39-61141fc75b9b
0.21919251864285288,2,f9086ad4-3df6-4442-b5ba-d747a4dc3298
0.14004925067330132,6,1bf0746f-ebe3-4b99-afaa-864893f97329
0.21780130724604657,6,65bb4dfa-7b75-4c03-afcf-d2cf24490513
0.05385278096307613,4,db4eb5aa-454a-4754-9db3-48ac479a134f
0.024501347298626498,3,53dd363c-a1c2-4ed6-bf62-6946aed3113e
0.31814125350122624,2,0c76f348-4021-4e2c-a2b2-92fb2665443d
0.07816595613080161,1,2fc47fed-9b96-4a39-b957-f27d56f7a05b
0.14965991487651903,0,d361819a-87c6-41bd-b8f9-b5b930889f15
0.5345784259802314,7,1b9aab76-3ac6-4f3b-94f4-1870bdd543e4
0.4662411689132442,7,d388f03e-56c3-43f0-8147-f74068784a23
0.11297885202879901,6,dcf2e15f-ca26-4fcd-9fa4-93d921e4c438
0.5235391719011213,7,f46e3711-b4c1-463b-a9ba-066bbce8179f
0.03937291431514281,5,9034eb46-615e-46c5-86d9-98a62d9b70b6
0.28100190136597725,3,41cac279-3d29-46b4-9f74-bc589b0140f1
0.16588443834583577,5,b451b33a-b7e3-4163-b282-ca783a608333
0.0855650367175655,6,155b7282-9759-474f-bb89-3b2502e8fdb0
0.2895805427441646,3,f5b09be7-f2ce-4f8c-b5aa-9c99f89a5609
0.07991108109393387,2,01a7a420-7cda-4fdd-b0ff-093bb148c2b5
0.11297276258605463,6,122860af-9050-4113-9fa3-d281baa9813f
0.5313157549246226,7,a8e2afa9-3e35-465a-9cd7-e4b3d90a79ed
0.05788539859646205,4,583f14ea-1647-4551-afa4-78921f167bbc
0.21919251864285288,3,f9086ad4-3df6-4442-b5ba-d747a4dc3298
0.21780130724604657,7,65bb4dfa-7b75-4c03-afcf-d2cf24490513
0.05385278096307613,5,db4eb5aa-454a-4754-9db3-48ac479a134f
0.024501347298626498,4,53dd363c-a1c2-4ed6-bf62-6946aed3113e
0.31814125350122624,3,0c76f348-4021-4e2c-a2b2-92fb2665443d
0.14965991487651903,1,d361819a-87c6-41bd-b8f9-b5b930889f15
0.4762877434849696,7,e3d777a5-ab4f-4e99-97fb-6ad58287d413
0.564555721490277,7,42b7cf11-d7aa-4b45-839a-8e2d02e50dff
0.3110518441625714,3,6bfb3ac3-014f-4a7c-a876-215e9c77c879
0.19618531843694098,5,1bb573cc-eaf5-4029-9973-47127153e1cb
0.5631536115121591,7,a49cf98b-ef40-48ae-a4df-1c0f9460833f
0.09113038421668558,2,28aa7848-8ee5-4f54-b25f-58a880fd2540
0.5367767767557968,7,977d0c85-491d-498d-8a76-baba5de7d9a6
0.23018193823104366,7,c7cb4ee5-7f90-4246-b430-d162518e24c2
0.2970314842379288,3,73c21a36-69be-4fd1-ae86-28cb0caa99da
0.13000171420943676,1,050eaf87-024c-4cfa-bd86-c1470c00c3be
0.13817730684688456,0,7b8bea9c-2de5-4132-b40a-e844deea45c7
0.5345784259802314,8,1b9aab76-3ac6-4f3b-94f4-1870bdd543e4
0.5235391719011213,8,f46e3711-b4c1-463b-a9ba-066bbce8179f
0.28100190136597725,4,41cac279-3d29-46b4-9f74-bc589b0140f1
0.2895805427441646,4,f5b09be7-f2ce-4f8c-b5aa-9c99f89a5609
0.07991108109393387,3,01a7a420-7cda-4fdd-b0ff-093bb148c2b5
0.11297276258605463,7,122860af-9050-4113-9fa3-d281baa9813f
0.21919251864285288,4,f9086ad4-3df6-4442-b5ba-d747a4dc3298
0.31814125350122624,4,0c76f348-4021-4e2c-a2b2-92fb2665443d
0.14965991487651903,2,d361819a-87c6-41bd-b8f9-b5b930889f15
0.564555721490277,8,42b7cf11-d7aa-4b45-839a-8e2d02e50dff
0.5631536115121591,8,a49cf98b-ef40-48ae-a4df-1c0f9460833f
0.5367767767557968,8,977d0c85-491d-498d-8a76-baba5de7d9a6
0.23018193823104366,8,c7cb4ee5-7f90-4246-b430-d162518e24c2
0.2970314842379288,4,73c21a36-69be-4fd1-ae86-28cb0caa99da
0.13000171420943676,2,050eaf87-024c-4cfa-bd86-c1470c00c3be
0.13817730684688456,1,7b8bea9c-2de5-4132-b40a-e844deea45c7
0.5167392090613432,8,aaf7ad97-f1be-45fe-8c78-44ba3ed8bb5f
0.5200794711943418,8,c1decfeb-b04e-4663-aa92-18611b524748
0.4848405895408548,8,87bd5971-5578-4e41-a210-2402f8e77e9c
0.16499909270837465,6,c0d6a375-f117-4baa-b4b0-61f41e0d82b8
0.29960901667198275,4,a48852ce-5ce2-4bed-8171-a1621deaa7f9
0.06757522196478359,3,1ca649d2-5e0d-47c0-b14a-0052dd4a3d2c
0.32536818819807395,4,8dd50095-34c8-4cfe-a46a-6d6d0d8d31bd
0.1277442250530151,2,61d2c967-5fb6-44f9-8d35-e29464f447fb
0.5573195799653998,8,f4f1964d-d54f-409a-aee1-b68594229e2a
0.3102611108172807,4,bbd6fbcb-03ab-4bf5-8094-9bc0436f1c90
0.27639651495834944,4,6521bb65-0f28-423f-a26a-262163660be8
0.07613860364263968,2,b133883d-385e-4315-ac4d-3a3cd428b4a8
0.1575014113898931,1,e8ae900b-8031-4d37-a803-dba282c21ded
0.1409912125231768,0,51e15f44-7191-435b-b317-5a78bdb1d806
0.2895805427441646,5,f5b09be7-f2ce-4f8c-b5aa-9c99f89a5609
0.31814125350122624,5,0c76f348-4021-4e2c-a2b2-92fb2665443d
0.5631536115121591,9,a49cf98b-ef40-48ae-a4df-1c0f9460833f
0.5367767767557968,9,977d0c85-491d-498d-8a76-baba5de7d9a6
0.13000171420943676,3,050eaf87-024c-4cfa-bd86-c1470c00c3be
0.16499909270837465,7,c0d6a375-f117-4baa-b4b0-61f41e0d82b8
0.32536818819807395,5,8dd50095-34c8-4cfe-a46a-6d6d0d8d31bd
0.1277442250530151,3,61d2c967-5fb6-44f9-8d35-e29464f447fb
0.5573195799653998,9,f4f1964d-d54f-409a-aee1-b68594229e2a
0.1575014113898931,2,e8ae900b-8031-4d37-a803-dba282c21ded
0.1409912125231768,1,51e15f44-7191-435b-b317-5a78bdb1d806
0.3067162679730987,5,c309ae3f-4988-49d5-bc19-33ce4f85468a
0.3125062395714138,5,078a0d6c-eb42-42a7-b9db-4269f6fe9403
0.11240711595086465,8,c45ffc28-222f-4ade-ab42-2c17d15a69ed
0.27553736543107005,5,4b6cbd48-6281-4359-8270-959dfe373b1f
0.15218059306542603,3,2d4c71bc-1ed6-45df-814e-8e61b0e2ebe6
0.519101237722816,9,885da415-75eb-447d-8fcf-192efe11af99
0.524444198477192,5,2ebf3b0f-9ed9-4d5d-92d0-15a9eae17db8
0.5375683780189224,9,b6f4e486-dc48-4986-b673-353adafe679c
0.5630359371363312,9,5dacbb65-0f59-402e-b1fc-ccdd3eda01a5
0.17580018187960464,7,b9791e88-35b9-497d-b423-b379698ba7ef
0.15161163950249013,5,0ee31860-8ccb-4cff-82f8-99f3e81eb8d0
0.11685710326433113,3,f12d2ab1-426a-4a39-93e2-c4a82120c2c9
0.6017486722650016,9,30f3f814-1f15-4771-b4e0-7adbb778f3c2
0.3803050108636902,5,97c5b459-28e6-447b-94d0-5283821bf199
0.30390089333363457,5,86099f36-0273-4b7d-af52-9106ddd28441
0.21901042756586805,3,b26dbc2d-235d-4623-bc9e-3a91e4a47d02
0.17302800202107183,2,eb4ff8ff-2c08-4d45-a736-0ff82a745124
0.14502715557355247,1,6ccfd1aa-fc47-4e5e-87f6-283f35c0dcba
0.0964171596853958,0,b7fedd40-68b8-4036-8003-99f6e0401032
0.5631536115121591,10,a49cf98b-ef40-48ae-a4df-1c0f9460833f
0.32536818819807395,6,8dd50095-34c8-4cfe-a46a-6d6d0d8d31bd
0.5573195799653998,10,f4f1964d-d54f-409a-aee1-b68594229e2a
0.3125062395714138,6,078a0d6c-eb42-42a7-b9db-4269f6fe9403
0.27553736543107005,6,4b6cbd48-6281-4359-8270-959dfe373b1f
0.15218059306542603,4,2d4c71bc-1ed6-45df-814e-8e61b0e2ebe6
0.519101237722816,10,885da415-75eb-447d-8fcf-192efe11af99
0.5375683780189224,10,b6f4e486-dc48-4986-b673-353adafe679c
0.11685710326433113,4,f12d2ab1-426a-4a39-93e2-c4a82120c2c9
0.6017486722650016,10,30f3f814-1f15-4771-b4e0-7adbb778f3c2
0.30390089333363457,6,86099f36-0273-4b7d-af52-9106ddd28441
0.17302800202107183,3,eb4ff8ff-2c08-4d45-a736-0ff82a745124
0.14502715557355247,2,6ccfd1aa-fc47-4e5e-87f6-283f35c0dcba
0.0964171596853958,1,b7fedd40-68b8-4036-8003-99f6e0401032
0.34314781952150153,6,801819d5-4485-4e6c-9b39-e9590f28c48a
0.40831710163469737,10,9d67624d-e2b6-4878-b27b-5b466c72bba5
0.3244294187637139,6,ec1f8797-8eab-47a8-8e6f-9d95fa43fe30
0.2103913775066014,4,d3b63320-ae19-4a52-800c-04aa282c81ba
0.14152500531223536,2,6f3a6fd0-4fa0-4c74-952f-52eb7d6b1b6a
0.5556500406720624,6,1d232c87-cc91-49ed-9498-7b25b5d3b378
0.1602091451117234,4,e311ea06-21b3-410c-8a9a-a1226a9d577e
0.5469283682766594,10,b789850a-8055-4336-ab3a-216809685559
0.3120895251935373,6,f56145a6-fe4d-4a99-8ec8-cbe9795ccd23
0.42912779402533957,10,58ad6c8d-6a47-47b5-b663-0658809ac178
0.3086341186719276,6,9577df80-7f40-4233-b269-7ad42e962d4a
0.21061245661530908,4,eaff9636-9f9c-44b7-bb2a-3e72d6c042fb
0.15387499883288877,3,bfade59b-08a1-45e5-8744-fdb590ee5f69
0.23856104431457062,2,1fe1a82b-a4fb-4235-abc6-40e14aa3033c
0.06594630437665756,1,4abf090c-c1c5-47fa-acb2-d6dba5df42d9
0.10008634150369743,0,9d047faf-fc12-4aa6-b989-ad180f7462e8
0.5631536115121591,11,a49cf98b-ef40-48ae-a4df-1c0f9460833f
0.5573195799653998,11,f4f1964d-d54f-409a-aee1-b68594229e2a
0.6017486722650016,11,30f3f814-1f15-4771-b4e0-7adbb778f3c2
0.30390089333363457,7,86099f36-0273-4b7d-af52-9106ddd28441
0.17302800202107183,4,eb4ff8ff-2c08-4d45-a736-0ff82a745124
0.0964171596853958,2,b7fedd40-68b8-4036-8003-99f6e0401032
0.34314781952150153,7,801819d5-4485-4e6c-9b39-e9590f28c48a
0.3244294187637139,7,ec1f8797-8eab-47a8-8e6f-9d95fa43fe30
0.2103913775066014,5,d3b63320-ae19-4a52-800c-04aa282c81ba
0.5556500406720624,7,1d232c87-cc91-49ed-9498-7b25b5d3b378
0.1602091451117234,5,e311ea06-21b3-410c-8a9a-a1226a9d577e
0.5469283682766594,11,b789850a-8055-4336-ab3a-216809685559
0.42912779402533957,11,58ad6c8d-6a47-47b5-b663-0658809ac178
0.15387499883288877,4,bfade59b-08a1-45e5-8744-fdb590ee5f69
0.23856104431457062,3,1fe1a82b-a4fb-4235-abc6-40e14aa3033c
0.06594630437665756,2,4abf090c-c1c5-47fa-acb2-d6dba5df42d9
0.10008634150369743,1,9d047faf-fc12-4aa6-b989-ad180f7462e8
0.29961768660718174,7,22d0b23f-6927-4323-97c3-c33d4f4a4c78
0.5201783341473863,11,1af71b8c-5b52-4e3e-9bcc-b74d33cb0236
0.4697515621019665,11,647701b1-e3bb-4bd3-95bb-60abe4790a97
0.3178303643998002,7,bd0dbcd4-7ad9-4508-a45b-e7ccd49a2588
0.29122527611883253,3,89837657-f341-46e3-a854-452c497d7a95
0.5293773146707985,7,f201a00b-55ed-4bb1-b308-141bc56ad058
0.14163339891158977,3,e3f6676f-7f8c-494c-9679-2aa67093a595
0.5861174487839921,7,b0f9867f-d18b-48a4-942a-5a9fdca1400c
0.51122314933376,11,1de2ec09-bbf1-4695-b63e-37a3588a5b17
0.21656869951887603,5,0935c0e8-35fe-4f8e-a6ae-062cfc1a2d27
0.24167248021399354,3,92613e62-5d19-47d9-90cf-0c2226046805
0.09877337989956893,1,3d40dcc0-7cde-4ffb-9157-594af847736f
0.24531223724805296,0,6e7c0525-8dc8-4710-9b66-0b1d3af4689b
0.5573195799653998,12,f4f1964d-d54f-409a-aee1-b68594229e2a
0.6017486722650016,12,30f3f814-1f15-4771-b4e0-7adbb778f3c2
0.3244294187637139,8,ec1f8797-8eab-47a8-8e6f-9d95fa43fe30
0.5556500406720624,8,1d232c87-cc91-49ed-9498-7b25b5d3b378
0.15387499883288877,5,bfade59b-08a1-45e5-8744-fdb590ee5f69
0.10008634150369743,2,9d047faf-fc12-4aa6-b989-ad180f7462e8
0.3178303643998002,8,bd0dbcd4-7ad9-4508-a45b-e7ccd49a2588
0.29122527611883253,4,89837657-f341-46e3-a854-452c497d7a95
0.5861174487839921,8,b0f9867f-d18b-48a4-942a-5a9fdca1400c
0.51122314933376,12,1de2ec09-bbf1-4695-b63e-37a3588a5b17
0.21656869951887603,6,0935c0e8-35fe-4f8e-a6ae-062cfc1a2d27
0.24167248021399354,4,92613e62-5d19-47d9-90cf-0c2226046805
0.09877337989956893,2,3d40dcc0-7cde-4ffb-9157-594af847736f
0.24531223724805296,1,6e7c0525-8dc8-4710-9b66-0b1d3af4689b
0.5285926528642919,12,39455a62-aeed-4066-9117-96ed350e1135
0.5701031561112431,12,3705968b-30ee-42bb-b124-31a105a5272b
0.26091545750327405,5,efe4d92a-d429-40a4-afdd-156f94fcf551
0.10044986137982512,3,ca6eec4a-3019-4b38-a689-2b3302c598c0
0.4367950445553614,8,bf9f5dab-e10a-4dd6-9e92-9ea9766d404e
0.26349006582294293,6,cc5eb8f2-6865-4332-98ad-092305f8c265
0.5463698494127894,8,10e1b0a0-bcbe-40a6-a6d4-4c8cacc8836a
0.23880825381196177,4,fd1b4515-934c-4691-a053-e584911599a2
0.09807452529615297,2,dd91a89f-c713-46c8-8ce8-d6bc99a3f2ea
0.34355400284923476,12,772b9d90-e42b-4ab8-9e87-6e88d1f98f0c
0.33228971351906844,8,1ed2545e-7073-48ab-8090-c7a6a79ae2d8
0.29368898413553407,4,865ba9bd-3422-47a5-81dd-477c072daeb8
0.29458411912648846,8,fe48a3b6-5c54-4992-ad2d-451a8e18361c
0.1345526903250983,2,7ff4668e-480e-48f3-a685-2fee671fcd5d
0.26633295321585476,1,5762abc0-f77e-41b9-a33a-29acb6619169
0.07434369133795257,0,0a253f37-6582-4a01-8a3e-4dfe997b5a30
0.6017486722650016,13,30f3f814-1f15-4771-b4e0-7adbb778f3c2
0.10008634150369743,3,9d047faf-fc12-4aa6-b989-ad180f7462e8
0.3178303643998002,9,bd0dbcd4-7ad9-4508-a45b-e7ccd49a2588
0.29122527611883253,5,89837657-f341-46e3-a854-452c497d7a95
0.5861174487839921,9,b0f9867f-d18b-48a4-942a-5a9fdca1400c
0.24167248021399354,5,92613e62-5d19-47d9-90cf-0c2226046805
0.5285926528642919,13,39455a62-aeed-4066-9117-96ed350e1135
0.26091545750327405,6,efe4d92a-d429-40a4-afdd-156f94fcf551
0.4367950445553614,9,bf9f5dab-e10a-4dd6-9e92-9ea9766d404e
0.29368898413553407,5,865ba9bd-3422-47a5-81dd-477c072daeb8
0.1345526903250983,3,7ff4668e-480e-48f3-a685-2fee671fcd5d
0.26633295321585476,2,5762abc0-f77e-41b9-a33a-29acb6619169
0.07434369133795257,1,0a253f37-6582-4a01-8a3e-4dfe997b5a30
0.4997803704805128,13,f4212489-ba07-4a1b-8425-a762252241c2
0.5374274285304756,9,8d058b11-2609-4664-86a6-14eb2fb93ae1
0.3499360232982362,9,228048cf-7c0d-4c81-a986-a68afc8a4a25
0.29122527611883253,5,380dcd46-1221-40ba-86fe-ce5458f60fb0
0.3077345891533966,9,c5c56be1-1cda-408c-85ab-cb525e9de80a
0.28762893979299436,7,97dac26d-f390-44df-af07-780b2f7e481a
0.24167347858566188,5,371d4601-04ba-4dd1-aadc-89f134c83ce2
0.24834383663254453,2,d15b18d1-be26-4607-84ee-d3f074e0c0ad
0.446463769189531,13,6fc21bc5-1490-4066-b0f1-2b41bd7d7e91
0.26995476631967946,6,0dee0286-089c-43db-b2c1-6eec76581e37
0.08809244892676625,4,1b7fb426-7b9e-4c78-bf22-379af9a210dd
0.3365956047869448,9,e514cea0-22a9-414c-8ca3-b7591dd9a37c
0.227424051365893,7,41e6ab49-58ff-40ee-9cf3-0737283bfdc2
0.10033297847848081,3,1faa3619-58c7-4141-ab9f-c8ff926462e7
0.28008356354286146,2,fae47abe-4a6b-4d75-9a8d-ace0f21c990e
0.07807736031701058,1,f244143b-21d4-4332-ab8d-49d377b9daba
0.19297707300421763,0,7ffd6b64-d3fb-4407-9f99-fe9290adc076
0.6017486722650016,14,30f3f814-1f15-4771-b4e0-7adbb778f3c2
0.29122527611883253,6,89837657-f341-46e3-a854-452c497d7a95
0.5861174487839921,10,b0f9867f-d18b-48a4-942a-5a9fdca1400c
0.4367950445553614,10,bf9f5dab-e10a-4dd6-9e92-9ea9766d404e
0.29368898413553407,6,865ba9bd-3422-47a5-81dd-477c072daeb8
0.1345526903250983,4,7ff4668e-480e-48f3-a685-2fee671fcd5d
0.26633295321585476,3,5762abc0-f77e-41b9-a33a-29acb6619169
0.07434369133795257,2,0a253f37-6582-4a01-8a3e-4dfe997b5a30
0.5374274285304756,10,8d058b11-2609-4664-86a6-14eb2fb93ae1
0.3499360232982362,10,228048cf-7c0d-4c81-a986-a68afc8a4a25
0.24834383663254453,3,d15b18d1-be26-4607-84ee-d3f074e0c0ad
0.446463769189531,14,6fc21bc5-1490-4066-b0f1-2b41bd7d7e91
0.26995476631967946,7,0dee0286-089c-43db-b2c1-6eec76581e37
0.227424051365893,8,41e6ab49-58ff-40ee-9cf3-0737283bfdc2
0.10033297847848081,4,1faa3619-58c7-4141-ab9f-c8ff926462e7
0.28008356354286146,3,fae47abe-4a6b-4d75-9a8d-ace0f21c990e
0.07807736031701058,2,f244143b-21d4-4332-ab8d-49d377b9daba
0.19297707300421763,1,7ffd6b64-d3fb-4407-9f99-fe9290adc076
0.6015667570904033,14,dd3464f0-c90f-4897-bfff-6ce9a7afd98a
0.3406522574288317,6,eb6aeee7-9905-4655-ac4b-007de537d95f
0.295912333388728,10,08b34d3d-ba72-4741-b074-0de30dda7bda
0.218640879595947,7,966f8f5a-c19f-4d49-b33e-3af455b0aa87
0.3191437127682041,10,8add61b1-cd20-4ec2-94f7-b1d3133813cb
0.259172661859098,3,04ec3fe1-9706-47c9-b29e-41c268a682b9
0.5306534925118295,10,aa911eb7-3ff4-4842-bad2-4c1d10329206
0.29780928812615454,8,40754385-92b0-417a-a9a4-16e810207e3e
0.24223379435911427,8,eb31781b-32a5-43fa-9cd8-dd87ab0a46d6
0.26669546404555833,3,070d5f6f-35cb-4ed7-b498-80c8ee43465e
0.1957762918505779,1,4f53afc2-853e-4493-8870-bfecea93ce01
0.05636159221150201,0,7d2e6a7d-80e8-4850-8273-79d9349f27b7
0.6017486722650016,15,30f3f814-1f15-4771-b4e0-7adbb778f3c2
0.5861174487839921,11,b0f9867f-d18b-48a4-942a-5a9fdca1400c
0.24834383663254453,4,d15b18d1-be26-4607-84ee-d3f074e0c0ad
0.446463769189531,15,6fc21bc5-1490-4066-b0f1-2b41bd7d7e91
0.10033297847848081,5,1faa3619-58c7-4141-ab9f-c8ff926462e7
0.19297707300421763,2,7ffd6b64-d3fb-4407-9f99-fe9290adc076
0.6015667570904033,15,dd3464f0-c90f-4897-bfff-6ce9a7afd98a
0.3406522574288317,7,eb6aeee7-9905-4655-ac4b-007de537d95f
0.295912333388728,11,08b34d3d-ba72-4741-b074-0de30dda7bda
0.218640879595947,8,966f8f5a-c19f-4d49-b33e-3af455b0aa87
0.3191437127682041,11,8add61b1-cd20-4ec2-94f7-b1d3133813cb
0.5306534925118295,11,aa911eb7-3ff4-4842-bad2-4c1d10329206
0.29780928812615454,9,40754385-92b0-417a-a9a4-16e810207e3e
0.26669546404555833,4,070d5f6f-35cb-4ed7-b498-80c8ee43465e
0.1957762918505779,2,4f53afc2-853e-4493-8870-bfecea93ce01
0.05636159221150201,1,7d2e6a7d-80e8-4850-8273-79d9349f27b7
0.6008459622563931,15,a27c1a7c-1ccc-4ec8-8561-c7940aa08862
0.5277452964499901,11,75725880-7291-49a6-b7d6-93ac25f30d6f
0.23109514742206846,4,6851385e-21ee-491e-a4dd-601943baebc5
0.5919194421314685,11,25fef012-e724-431d-b10c-8fb54985382f
0.2646455748350448,8,93578998-c7ad-442d-b03e-54fde1d635ae
0.41237017248390984,9,27a6f75d-e98a-4578-919e-21af81783fd0
0.18503270165130914,2,d09c131e-0fd2-4132-b6bc-a2fdc5700967
0.6011004049144267,15,6a3a5a06-ff9a-4cb8-864d-9e8b6da4c4b9
0.29877011268939374,4,91748d77-4e7c-4235-83cc-f97163120d68
0.4295098770313738,11,2efea563-1983-485f-84ee-c3d366a1a237
0.4488718356187396,9,9d398c75-3d8d-4edc-a786-f513710dbaf2
0.2615287329457771,4,38c3f77a-23f3-469e-918a-74b5f5d17a0a
0.08571126810333544,1,3791a0cd-1327-4997-8cd7-5dc6981f4c8c
0.065866452822144,0,1c791e1e-1bd9-495b-86e7-1276d163dd38
0.6017486722650016,16,30f3f814-1f15-4771-b4e0-7adbb778f3c2
0.5861174487839921,12,b0f9867f-d18b-48a4-942a-5a9fdca1400c
0.3406522574288317,8,eb6aeee7-9905-4655-ac4b-007de537d95f
0.29780928812615454,10,40754385-92b0-417a-a9a4-16e810207e3e
0.1957762918505779,3,4f53afc2-853e-4493-8870-bfecea93ce01
0.05636159221150201,2,7d2e6a7d-80e8-4850-8273-79d9349f27b7
0.5277452964499901,12,75725880-7291-49a6-b7d6-93ac25f30d6f
0.23109514742206846,5,6851385e-21ee-491e-a4dd-601943baebc5
0.5919194421314685,12,25fef012-e724-431d-b10c-8fb54985382f
0.2646455748350448,9,93578998-c7ad-442d-b03e-54fde1d635ae
0.18503270165130914,3,d09c131e-0fd2-4132-b6bc-a2fdc5700967
0.29877011268939374,5,91748d77-4e7c-4235-83cc-f97163120d68
0.4488718356187396,10,9d398c75-3d8d-4edc-a786-f513710dbaf2
0.08571126810333544,2,3791a0cd-1327-4997-8cd7-5dc6981f4c8c
0.6019444550556943,16,ee9678a9-5515-4aa5-a4ef-e655f60818e1
0.24114369072491024,5,37ba1799-07c8-4761-ae98-9e1748660b56
0.05071103017346533,6,5eb3e851-2a16-4533-8ed3-664b271cdfad
0.5535187804887405,12,e9a1c605-a95c-4cfe-922d-39ce2468fcf9
0.488965214774919,12,3ac27603-6793-4f71-a042-2791425cc2a0
0.3157975628379329,10,1904fcbe-f20c-4a96-80d7-1d84228e6664
0.20247146805677965,5,3c48a7d9-8abc-4ad4-884d-6a6003554284
0.1940223950625594,3,61a3543a-561a-44f8-939b-6cdf70406a70
0.6003360485899909,16,0eb268f0-db69-4c1a-8e0e-ab25453a130f
0.540360839665969,12,c0de426b-d030-4c2a-9919-2a5633c6d3ce
0.2941309088442216,5,f43da989-48e6-4b3d-bff8-8366a30d50a7
0.5580199994126206,12,ed388194-2040-4290-8979-f552f8cc1213
0.21065153307444515,9,25b91caa-bb5f-4635-8e05-78e9ba15b266
0.08825466610153865,2,eb4aef97-44a8-47ec-8dd1-61d73c138587
0.10029334633313994,1,d179ac6c-ef0b-4a54-8cfd-fc8f622e629a
0.1121222501473984,0,04756f09-1cb4-4e0e-905d-6066f6605566
0.6017486722650016,17,30f3f814-1f15-4771-b4e0-7adbb778f3c2
0.5861174487839921,13,b0f9867f-d18b-48a4-942a-5a9fdca1400c
0.3406522574288317,9,eb6aeee7-9905-4655-ac4b-007de537d95f
0.1957762918505779,4,4f53afc2-853e-4493-8870-bfecea93ce01
0.5277452964499901,13,75725880-7291-49a6-b7d6-93ac25f30d6f
0.23109514742206846,6,6851385e-21ee-491e-a4dd-601943baebc5
0.5919194421314685,13,25fef012-e724-431d-b10c-8fb54985382f
0.2646455748350448,10,93578998-c7ad-442d-b03e-54fde1d635ae
0.29877011268939374,6,91748d77-4e7c-4235-83cc-f97163120d68
0.4488718356187396,11,9d398c75-3d8d-4edc-a786-f513710dbaf2
0.6019444550556943,17,ee9678a9-5515-4aa5-a4ef-e655f60818e1
0.5535187804887405,13,e9a1c605-a95c-4cfe-922d-39ce2468fcf9
0.08825466610153865,3,eb4aef97-44a8-47ec-8dd1-61d73c138587
0.1121222501473984,1,04756f09-1cb4-4e0e-905d-6066f6605566
0.42294506474185495,11,55b2df70-4d10-44cd-8d83-3c6d218bea96
0.5515886565914979,13,943c99e0-8eae-43bb-bfaa-e09c71aabc2d
0.24386135767502315,6,bd99133a-a310-4af0-8ffb-48f586964033
0.5616688258310334,13,d6912950-c080-4d29-a979-d62c1fb43726
0.1906997496892042,10,14a6f111-1e8d-4c38-8241-4622f4bad11b
0.22771738702722547,4,82df7d5a-5cf6-4aa8-807d-a97d934944a7
0.2987849014735557,6,3199eb99-8d45-418d-8063-aaa21df4fedb
0.20390086032666604,7,10b2c10d-2fe8-40d1-b57c-17ea7f398ee4
0.545437761484371,13,44ac58af-ce8a-440b-b3be-4e3bdbcc1715
0.2170683854587416,4,0ec0a80f-f9dc-49ad-8d09-b3bb9d770a6f
0.5877760773731583,17,b24f8377-c7ea-4e4b-957e-b24fd7e38a75
0.5701017617039699,13,6066b42e-710e-40a4-b985-93f6af3b71aa
0.2820896143131979,6,cc7a058f-1b65-4f71-b6ac-557dfdfc417c
0.08755017827808936,3,d8e54e6f-9852-4bc5-9d9f-540ebd2e612d
0.1131279459121988,1,9291fbfd-8556-4d04-9af6-d6d49a6f4fd1
0.09826435311189509,0,07e1a64d-b6d7-4703-a4ac-f73f86c80e5f
0.5861174487839921,14,b0f9867f-d18b-48a4-942a-5a9fdca1400c
0.3406522574288317,10,eb6aeee7-9905-4655-ac4b-007de537d95f
0.5919194421314685,14,25fef012-e724-431d-b10c-8fb54985382f
0.29877011268939374,7,91748d77-4e7c-4235-83cc-f97163120d68
0.4488718356187396,12,9d398c75-3d8d-4edc-a786-f513710dbaf2
0.6019444550556943,18,ee9678a9-5515-4aa5-a4ef-e655f60818e1
0.5535187804887405,14,e9a1c605-a95c-4cfe-922d-39ce2468fcf9
0.08825466610153865,4,eb4aef97-44a8-47ec-8dd1-61d73c138587
0.42294506474185495,12,55b2df70-4d10-44cd-8d83-3c6d218bea96
0.24386135767502315,7,bd99133a-a310-4af0-8ffb-48f586964033
0.22771738702722547,5,82df7d5a-5cf6-4aa8-807d-a97d934944a7
0.2987849014735557,7,3199eb99-8d45-418d-8063-aaa21df4fedb
0.2170683854587416,5,0ec0a80f-f9dc-49ad-8d09-b3bb9d770a6f
0.5877760773731583,18,b24f8377-c7ea-4e4b-957e-b24fd7e38a75
0.2820896143131979,7,cc7a058f-1b65-4f71-b6ac-557dfdfc417c
0.08755017827808936,4,d8e54e6f-9852-4bc5-9d9f-540ebd2e612d
0.1131279459121988,2,9291fbfd-8556-4d04-9af6-d6d49a6f4fd1
0.09826435311189509,1,07e1a64d-b6d7-4703-a4ac-f73f86c80e5f
0.5556303913250474,18,8061cab0-105b-49c8-ae3d-83ecfb55b270
0.19568983726569664,5,71665c97-a1bd-4f48-b486-722465dc5b1a
0.21077423281044091,11,49a4dede-8293-4a67-a4ba-ecd1490a4373
0.5528162476201366,14,3dc696de-97d1-44b6-94f7-b87ff1bb6fad
0.43376475627031197,12,ff7daf69-2f01-4b8a-b6f7-8d2529f85048
0.5382184855588946,14,831fcdb3-4a61-4449-be05-caad36f86598
0.29729967187505874,7,11603bf4-8c16-4743-9b4b-eeed6ae011b8
0.6840603895909874,18,c4a5c116-9745-4662-8208-bb0e246fd763
0.3112690453453307,7,f276424d-23eb-4452-bfe1-eb1c13a77cd6
0.086517315580236,2,55b2ba6e-ffa9-4c62-8e35-a0d79931ca3e
0.13262874492405136,1,f9cdcf97-cf5f-4f1b-804b-74498a88209a
0.1718222416145333,0,e3677c7d-4655-484c-bed5-584e47c6e276
0.5861174487839921,15,b0f9867f-d18b-48a4-942a-5a9fdca1400c
0.3406522574288317,11,eb6aeee7-9905-4655-ac4b-007de537d95f
0.5919194421314685,15,25fef012-e724-431d-b10c-8fb54985382f
0.4488718356187396,13,9d398c75-3d8d-4edc-a786-f513710dbaf2
0.6019444550556943,19,ee9678a9-5515-4aa5-a4ef-e655f60818e1
0.5535187804887405,15,e9a1c605-a95c-4cfe-922d-39ce2468fcf9
0.22771738702722547,6,82df7d5a-5cf6-4aa8-807d-a97d934944a7
0.2987849014735557,8,3199eb99-8d45-418d-8063-aaa21df4fedb
0.2170683854587416,6,0ec0a80f-f9dc-49ad-8d09-b3bb9d770a6f
0.5877760773731583,19,b24f8377-c7ea-4e4b-957e-b24fd7e38a75
0.5528162476201366,15,3dc696de-97d1-44b6-94f7-b87ff1bb6fad
0.5382184855588946,15,831fcdb3-4a61-4449-be05-caad36f86598
0.6840603895909874,19,c4a5c116-9745-4662-8208-bb0e246fd763
0.3112690453453307,8,f276424d-23eb-4452-bfe1-eb1c13a77cd6
0.13262874492405136,2,f9cdcf97-cf5f-4f1b-804b-74498a88209a
0.1718222416145333,1,e3677c7d-4655-484c-bed5-584e47c6e276
0.5573933866335431,15,98f3a7d5-15d8-4be7-86de-9cf007e76612
0.2828076486008506,8,b44ebb6a-8a64-454d-a4c6-08bfb5531edc
0.4507478856777735,13,d9c7e6d0-cc94-4f2d-91c6-b7e1183611d6
0.14607131865579231,5,1359174a-70fa-4746-9067-a0f802b0f101
0.26553434389591757,8,052837fd-8f3b-48be-a74e-e26ac03d50c8
0.288872424775306,6,a06ad909-3560-4006-bfb8-cdb8cc491a4a
0.12467302685877112,3,448cdc5f-3eeb-40e1-a1f8-0ceb1cf92230
0.07711239956894865,2,43ae916b-bd3d-4283-ad6c-9238c341de25
0.46105541782029974,19,b14a8606-3686-474f-9520-9f0475069344
0.3141022256501135,8,bb261408-bd10-41ae-a986-a8b1fc49fc74
0.08628902651119645,3,92600df4-5961-43ba-be63-476dd38a887f
0.17797015123458157,2,8bc1e23b-b0ca-4869-a906-d2e86fc9b09c
0.3844084230096746,1,ac739196-b209-4918-a7f7-5a3bc155ac32
0.12667383863264767,0,725baf15-4555-46de-9ae8-3b2dd8f48b26
0.5861174487839921,16,b0f9867f-d18b-48a4-942a-5a9fdca1400c
0.5919194421314685,16,25fef012-e724-431d-b10c-8fb54985382f
0.4488718356187396,14,9d398c75-3d8d-4edc-a786-f513710dbaf2
0.6019444550556943,20,ee9678a9-5515-4aa5-a4ef-e655f60818e1
0.5535187804887405,16,e9a1c605-a95c-4cfe-922d-39ce2468fcf9
0.22771738702722547,7,82df7d5a-5cf6-4aa8-807d-a97d934944a7
0.2170683854587416,7,0ec0a80f-f9dc-49ad-8d09-b3bb9d770a6f
0.6840603895909874,20,c4a5c116-9745-4662-8208-bb0e246fd763
0.3112690453453307,9,f276424d-23eb-4452-bfe1-eb1c13a77cd6
0.1718222416145333,2,e3677c7d-4655-484c-bed5-584e47c6e276
0.2828076486008506,9,b44ebb6a-8a64-454d-a4c6-08bfb5531edc
0.4507478856777735,14,d9c7e6d0-cc94-4f2d-91c6-b7e1183611d6
0.14607131865579231,6,1359174a-70fa-4746-9067-a0f802b0f101
0.288872424775306,7,a06ad909-3560-4006-bfb8-cdb8cc491a4a
0.3141022256501135,9,bb261408-bd10-41ae-a986-a8b1fc49fc74
0.17797015123458157,3,8bc1e23b-b0ca-4869-a906-d2e86fc9b09c
0.3844084230096746,2,ac739196-b209-4918-a7f7-5a3bc155ac32
0.12667383863264767,1,725baf15-4555-46de-9ae8-3b2dd8f48b26
0.3326983869579694,12,cae73f43-186b-4f81-89e8-bde113a6ff81
0.5646913042581481,16,7a79f10e-600c-4cd9-879f-d7065fe3268f
0.2364125194735239,7,b0504ca9-ac11-4d15-bdd6-e3ff2ae9a10d
0.567156468629689,16,d8b9bc64-c72b-47dc-b9a9-cfc9e43fa877
0.5987190572152745,20,d717ac50-fb0c-499b-9289-17cda132ec0a
0.3079429390714758,9,3f5b1826-7fd1-484b-a64a-d8a11ad6401b
0.11739304003164398,3,f6cd7d04-bf1a-4195-80da-601974f3620f
0.22000485616119828,9,ad3446f4-80ee-45b2-9290-ffb0d51fcf6d
0.08345231821873968,4,45599139-f3fd-4100-a582-2ea3e8abb34f
0.10488924249419032,3,dbb6e4ac-d283-410f-93da-547c4194b889
0.358011069697524,2,a6de2838-c9bf-489a-af56-97e3eaaf50a0
0.11171956885902178,0,01560b50-af26-4113-9bcd-bb40f32e9891
0.5861174487839921,17,b0f9867f-d18b-48a4-942a-5a9fdca1400c
0.5919194421314685,17,25fef012-e724-431d-b10c-8fb54985382f
0.4488718356187396,15,9d398c75-3d8d-4edc-a786-f513710dbaf2
0.6019444550556943,21,ee9678a9-5515-4aa5-a4ef-e655f60818e1
0.6840603895909874,21,c4a5c116-9745-4662-8208-bb0e246fd763
0.3112690453453307,10,f276424d-23eb-4452-bfe1-eb1c13a77cd6
0.1718222416145333,3,e3677c7d-4655-484c-bed5-584e47c6e276
0.4507478856777735,15,d9c7e6d0-cc94-4f2d-91c6-b7e1183611d6
0.288872424775306,8,a06ad909-3560-4006-bfb8-cdb8cc491a4a
0.3141022256501135,10,bb261408-bd10-41ae-a986-a8b1fc49fc74
0.17797015123458157,4,8bc1e23b-b0ca-4869-a906-d2e86fc9b09c
0.3844084230096746,3,ac739196-b209-4918-a7f7-5a3bc155ac32
0.12667383863264767,2,725baf15-4555-46de-9ae8-3b2dd8f48b26
0.3326983869579694,13,cae73f43-186b-4f81-89e8-bde113a6ff81
0.5646913042581481,17,7a79f10e-600c-4cd9-879f-d7065fe3268f
0.2364125194735239,8,b0504ca9-ac11-4d15-bdd6-e3ff2ae9a10d
0.3079429390714758,10,3f5b1826-7fd1-484b-a64a-d8a11ad6401b
0.11739304003164398,4,f6cd7d04-bf1a-4195-80da-601974f3620f
0.358011069697524,3,a6de2838-c9bf-489a-af56-97e3eaaf50a0
0.11171956885902178,1,01560b50-af26-4113-9bcd-bb40f32e9891
0.36299132298193804,15,396a9bb9-38eb-473d-b153-18d058372b2c
0.17996698151246993,10,78f415a7-565e-467d-9581-c19788045f48
0.24811636379693064,10,d8ae798a-ee3c-4521-98bc-3946bc36ab33
0.39835435255227,3,fb5d4780-6b3c-4805-b04d-6a5a6b6b60dc
0.12826390003117177,2,f614477e-56d4-4c88-95fd-23a6c2ac505e
0.5791062882834861,17,9af54f9b-13fe-43f2-94cf-a3f282878b24
0.5544773088424702,17,8b559b73-d43f-4ebf-8c62-82834843d646
0.08301875129393017,5,8d742788-a874-41a7-a7b4-01de9c15a192
0.11170579362108018,1,a16b0ac0-4280-4519-a8a2-44640acf56d5
0.02778140459812675,0,2d4addc2-29f8-44ad-837a-909a15d3f4e2
0.5919194421314685,18,25fef012-e724-431d-b10c-8fb54985382f
0.4488718356187396,16,9d398c75-3d8d-4edc-a786-f513710dbaf2
0.6019444550556943,22,ee9678a9-5515-4aa5-a4ef-e655f60818e1
0.6840603895909874,22,c4a5c116-9745-4662-8208-bb0e246fd763
0.3112690453453307,11,f276424d-23eb-4452-bfe1-eb1c13a77cd6
0.17797015123458157,5,8bc1e23b-b0ca-4869-a906-d2e86fc9b09c
0.3844084230096746,4,ac739196-b209-4918-a7f7-5a3bc155ac32
0.12667383863264767,3,725baf15-4555-46de-9ae8-3b2dd8f48b26
0.3326983869579694,14,cae73f43-186b-4f81-89e8-bde113a6ff81
0.5646913042581481,18,7a79f10e-600c-4cd9-879f-d7065fe3268f
0.11171956885902178,2,01560b50-af26-4113-9bcd-bb40f32e9891
0.24811636379693064,11,d8ae798a-ee3c-4521-98bc-3946bc36ab33
0.39835435255227,4,fb5d4780-6b3c-4805-b04d-6a5a6b6b60dc
0.12826390003117177,3,f614477e-56d4-4c88-95fd-23a6c2ac505e
0.11170579362108018,2,a16b0ac0-4280-4519-a8a2-44640acf56d5
0.02778140459812675,1,2d4addc2-29f8-44ad-837a-909a15d3f4e2
0.32224908966670124,18,29190021-1c1e-41ba-a17c-f6879a42e801
0.6019444550556943,22,ffa58f19-5588-43f9-abc3-251bab7e89de
0.5628802987036063,22,1b114127-4867-4997-881a-a52e7a2e496d
0.18396404685152118,11,af6bb4da-8008-4a00-a6e1-7a264bbeb485
0.27116996442849794,4,f2ea1912-62a5-4bf3-a8f7-0f27b5a6b360
0.3343686042160497,16,f79b648d-d13b-498b-9556-32e8c6f79f18
0.4595280923842599,4,a4262964-1ef5-4f4d-b8ab-7ebd3bf4ed5e
0.3874282594184692,4,23ff45c7-4de1-4098-86af-1b25d108417f
0.1120009489174022,2,f58baeca-2b62-41e0-bd0f-4573124d3783
0.15460116540269656,4,3bb8345a-d1b0-4fc9-913a-ab3f96a26770
0.21048183022274503,3,7600ca02-2c06-446c-ba3d-ae0f025fd2ec
0.12848349692717248,6,620c675d-1e49-4c0f-bfc6-1328208190cf
0.14339704758158106,2,99aee003-d656-4be7-aa42-2662911bacd6
0.07962992056748547,0,5702d5f3-ab00-48f0-a15f-17974c220708
0.5919194421314685,19,25fef012-e724-431d-b10c-8fb54985382f
0.4488718356187396,17,9d398c75-3d8d-4edc-a786-f513710dbaf2
0.6019444550556943,23,ee9678a9-5515-4aa5-a4ef-e655f60818e1
0.6840603895909874,23,c4a5c116-9745-4662-8208-bb0e246fd763
0.3326983869579694,15,cae73f43-186b-4f81-89e8-bde113a6ff81
0.5646913042581481,19,7a79f10e-600c-4cd9-879f-d7065fe3268f
0.11171956885902178,3,01560b50-af26-4113-9bcd-bb40f32e9891
0.6019444550556943,23,ffa58f19-5588-43f9-abc3-251bab7e89de
0.3343686042160497,17,f79b648d-d13b-498b-9556-32e8c6f79f18
0.4595280923842599,5,a4262964-1ef5-4f4d-b8ab-7ebd3bf4ed5e
0.3874282594184692,5,23ff45c7-4de1-4098-86af-1b25d108417f
0.21048183022274503,4,7600ca02-2c06-446c-ba3d-ae0f025fd2ec
0.14339704758158106,3,99aee003-d656-4be7-aa42-2662911bacd6
0.07962992056748547,1,5702d5f3-ab00-48f0-a15f-17974c220708
0.6666246879929291,23,bba200e4-7c0f-4679-8037-da85759cb2fb
0.250861738946252,12,27d0ffce-bb37-49f3-890e-5d6119ef6084
0.37282190957093536,5,3433b330-69ec-4a1b-a6fa-f2efdccd9d59
0.13836321135094817,4,99a21560-b596-47c1-bffb-981088a4de72
0.5398262739022749,19,5a3c497a-3cd8-42f7-b145-f60ae891b0f2
0.12720409645964614,4,795fcc9f-8946-4589-81bc-fac2d4b72989
0.11170579362108018,3,53af82ae-2e49-402e-8620-5c24318a2faa
0.5488386597979085,19,0a326aeb-1bd5-4782-83fe-0631820768bb
0.6023095136743778,23,2cba6c72-29de-47c6-8bae-99e4cef0f2bb
0.5628418441238922,23,d05bbf47-f998-457a-8777-e78f7139578a
0.4175617559471174,5,0e0b3c7a-b6a8-407c-9f5d-0a530c4001f2
0.10820755386570416,3,1f1ae284-b971-4c5e-9b34-2925ecaf3cf0
0.4542665769539993,5,0570cb8b-ee5c-444a-97f7-96d6baacb7b7
0.14816998580512575,4,619aea9e-8f05-4bf0-8687-c0ef0189fd89
0.07959895998532307,1,a64d53d1-c8be-47c1-8278-86959202508a
0.12538708493878642,0,6492199d-fc8b-46a4-bfbf-597b7e9bf6c2
0.5919194421314685,20,25fef012-e724-431d-b10c-8fb54985382f
0.6840603895909874,24,c4a5c116-9745-4662-8208-bb0e246fd763
0.3326983869579694,16,cae73f43-186b-4f81-89e8-bde113a6ff81
0.5646913042581481,20,7a79f10e-600c-4cd9-879f-d7065fe3268f
0.6019444550556943,24,ffa58f19-5588-43f9-abc3-251bab7e89de
0.3343686042160497,18,f79b648d-d13b-498b-9556-32e8c6f79f18
0.4595280923842599,6,a4262964-1ef5-4f4d-b8ab-7ebd3bf4ed5e
0.21048183022274503,5,7600ca02-2c06-446c-ba3d-ae0f025fd2ec
0.14339704758158106,4,99aee003-d656-4be7-aa42-2662911bacd6
0.07962992056748547,2,5702d5f3-ab00-48f0-a15f-17974c220708
0.6666246879929291,24,bba200e4-7c0f-4679-8037-da85759cb2fb
0.250861738946252,13,27d0ffce-bb37-49f3-890e-5d6119ef6084
0.37282190957093536,6,3433b330-69ec-4a1b-a6fa-f2efdccd9d59
0.5398262739022749,20,5a3c497a-3cd8-42f7-b145-f60ae891b0f2
0.11170579362108018,4,53af82ae-2e49-402e-8620-5c24318a2faa
0.5488386597979085,20,0a326aeb-1bd5-4782-83fe-0631820768bb
0.4175617559471174,6,0e0b3c7a-b6a8-407c-9f5d-0a530c4001f2
0.10820755386570416,4,1f1ae284-b971-4c5e-9b34-2925ecaf3cf0
0.4542665769539993,6,0570cb8b-ee5c-444a-97f7-96d6baacb7b7
0.14816998580512575,5,619aea9e-8f05-4bf0-8687-c0ef0189fd89
0.5548783057528702,20,2cf1f7f9-da28-4fb6-806c-2333bb077649
0.6411944862199912,24,539e9208-6cfe-42a9-8da7-ee1bcbd90fe5
0.11273112951662434,4,8e61aebb-fecb-46e6-b43e-48fda8a17964
0.5760859161298508,24,eaacd9f2-b848-4937-bbe0-010b02b8fda2
0.15583703192188175,5,02cc850b-6381-444a-ae91-d9f23ba0f75b
0.6254546019940243,24,b18a00ee-642e-4bf1-97df-ebcdb8bda4a7
0.14829916216313527,5,deacbcbc-92de-46fe-80fe-c16962eb08f8
0.08714743569685897,2,e795dde6-5bd9-48b9-82c6-214abda8aa9b
0.1315744717145112,1,49a30710-9f92-4340-aa76-2eb4c760ab4a
0.018197105992040934,0,b99f76f0-c50b-4c17-bf16-093574785905
0.5919194421314685,21,25fef012-e724-431d-b10c-8fb54985382f
0.6840603895909874,25,c4a5c116-9745-4662-8208-bb0e246fd763
0.5646913042581481,21,7a79f10e-600c-4cd9-879f-d7065fe3268f
0.6019444550556943,25,ffa58f19-5588-43f9-abc3-251bab7e89de
0.4595280923842599,7,a4262964-1ef5-4f4d-b8ab-7ebd3bf4ed5e
0.07962992056748547,3,5702d5f3-ab00-48f0-a15f-17974c220708
0.6666246879929291,25,bba200e4-7c0f-4679-8037-da85759cb2fb
0.250861738946252,14,27d0ffce-bb37-49f3-890e-5d6119ef6084
0.37282190957093536,7,3433b330-69ec-4a1b-a6fa-f2efdccd9d59
0.5488386597979085,21,0a326aeb-1bd5-4782-83fe-0631820768bb
0.4175617559471174,7,0e0b3c7a-b6a8-407c-9f5d-0a530c4001f2
0.5548783057528702,21,2cf1f7f9-da28-4fb6-806c-2333bb077649
0.5760859161298508,25,eaacd9f2-b848-4937-bbe0-010b02b8fda2
0.14829916216313527,6,deacbcbc-92de-46fe-80fe-c16962eb08f8
0.1315744717145112,2,49a30710-9f92-4340-aa76-2eb4c760ab4a
0.018197105992040934,1,b99f76f0-c50b-4c17-bf16-093574785905
0.2218810394567036,6,4333dd9d-26e1-4306-bf91-82592e1a7db4
0.0811976169169034,3,24c13028-496d-413e-981a-2dcc6c199077
0.5638289208084312,21,6fc17854-f545-4878-8c99-ea5b70210ede
0.10701010728706961,5,ec04f062-dc26-4eca-9670-c1d673e9bb27
0.544393407086295,21,6a0c4fab-d9cf-4040-86c8-c729f3e8660a
0.14500108668434047,7,f15b42fb-2321-4293-a484-dab4530da62e
0.146107417534492,6,c19d4188-6fbc-43c8-9db5-20a43b4d5ca1
0.5532676983165726,21,5a2f45f3-ab8a-4833-8b33-cbb9e5c8393f
0.11389922773695214,5,35077041-8a89-44b8-aa53-2ddfb6563446
0.5782708718272397,25,ef79af05-67b7-40b3-9902-0756799f9dbb
0.08449124031733207,3,a4f058f2-1e61-4b70-9750-aaa08c08a301
0.3914514122516305,2,8d395452-4428-430f-be0d-e62c0765f9ff
0.017986006920986293,1,8003b5d8-e1a5-48dd-8eed-b258ef395d92
0.01287076416524622,0,229b8c64-06e2-42a6-8477-1498a03a962e
0.5919194421314685,22,25fef012-e724-431d-b10c-8fb54985382f
0.6840603895909874,26,c4a5c116-9745-4662-8208-bb0e246fd763
0.5646913042581481,22,7a79f10e-600c-4cd9-879f-d7065fe3268f
0.6019444550556943,26,ffa58f19-5588-43f9-abc3-251bab7e89de
0.4595280923842599,8,a4262964-1ef5-4f4d-b8ab-7ebd3bf4ed5e
0.6666246879929291,26,bba200e4-7c0f-4679-8037-da85759cb2fb
0.4175617559471174,8,0e0b3c7a-b6a8-407c-9f5d-0a530c4001f2
0.1315744717145112,3,49a30710-9f92-4340-aa76-2eb4c760ab4a
0.018197105992040934,2,b99f76f0-c50b-4c17-bf16-093574785905
0.2218810394567036,7,4333dd9d-26e1-4306-bf91-82592e1a7db4
0.5638289208084312,22,6fc17854-f545-4878-8c99-ea5b70210ede
0.14500108668434047,8,f15b42fb-2321-4293-a484-dab4530da62e
0.146107417534492,7,c19d4188-6fbc-43c8-9db5-20a43b4d5ca1
0.5532676983165726,22,5a2f45f3-ab8a-4833-8b33-cbb9e5c8393f
0.08449124031733207,4,a4f058f2-1e61-4b70-9750-aaa08c08a301
0.3914514122516305,3,8d395452-4428-430f-be0d-e62c0765f9ff
0.6840603895909874,26,b2e42b1f-fd54-4a8c-ab71-f05766ae953f
0.5631514949841734,22,a9b0ae6c-ad52-4fad-9e09-611b51464649
0.5508941524223403,26,c6d740a2-99c4-4373-826c-bb8c3b35b3a5
0.14325269791014245,4,b1f44ac5-404d-4945-877e-ddc9819ec955
0.4163008429028841,8,2f4ae02d-05bc-4d3b-8648-b418182d85cc
0.028798322194095945,2,66677dcd-0dae-446c-b5fd-2e401d358690
0.15819802631834406,7,3a565e3a-9fe8-46ca-a410-a5712408c284
0.07243846078011494,4,bb30c411-816a-455c-a36f-b1d09700721a
0.10687559074763177,6,bee196c7-1bda-4569-b0db-901cdb16713e
0.14615108949566558,7,298ef7fc-cf92-4634-9a4e-3a6513fc834e
0.09674090394651955,4,f0981a23-baf3-44a4-86a7-b331a69b18e9
0.44984691283470946,3,8ada32f7-f7ec-4c60-8b97-ef676254675e
0.015774564710957433,2,069126a2-7745-459e-8713-62e24e06e1e2
0.08342915072906984,0,e7aea7f3-ea96-4f65-adde-6e162f1f8ffb
0.5919194421314685,23,25fef012-e724-431d-b10c-8fb54985382f
0.6840603895909874,27,c4a5c116-9745-4662-8208-bb0e246fd763
0.5646913042581481,23,7a79f10e-600c-4cd9-879f-d7065fe3268f
0.4595280923842599,9,a4262964-1ef5-4f4d-b8ab-7ebd3bf4ed5e
0.6666246879929291,27,bba200e4-7c0f-4679-8037-da85759cb2fb
0.4175617559471174,9,0e0b3c7a-b6a8-407c-9f5d-0a530c4001f2
0.1315744717145112,4,49a30710-9f92-4340-aa76-2eb4c760ab4a
0.018197105992040934,3,b99f76f0-c50b-4c17-bf16-093574785905
0.5638289208084312,23,6fc17854-f545-4878-8c99-ea5b70210ede
0.3914514122516305,4,8d395452-4428-430f-be0d-e62c0765f9ff
0.6840603895909874,27,b2e42b1f-fd54-4a8c-ab71-f05766ae953f
0.14325269791014245,5,b1f44ac5-404d-4945-877e-ddc9819ec955
0.028798322194095945,3,66677dcd-0dae-446c-b5fd-2e401d358690
0.14615108949566558,8,298ef7fc-cf92-4634-9a4e-3a6513fc834e
0.44984691283470946,4,8ada32f7-f7ec-4c60-8b97-ef676254675e
0.08342915072906984,1,e7aea7f3-ea96-4f65-adde-6e162f1f8ffb
0.6224322178350334,27,79e55705-fbfa-4578-af52-b7e7c3714d77
0.4630328798827552,9,2cd6ad52-1a9e-45ce-b2c4-e31024b8253f
0.12642975405373513,4,cd20de31-060d-47c8-9dff-24608841324b
0.027033524004069626,3,4c648d86-7ea2-408f-b0df-3d484c4ba332
0.5581328073630947,23,3ed9241a-b3b0-450e-be3d-b37c290ca375
0.41055722495303915,4,77920c8e-c0c4-4c9e-a986-6d435ade0bb8
0.6845287480839923,27,ee937fe5-510b-48ed-846b-89777c7131d2
0.5729589892038436,23,b7a7e95f-90ea-46e5-b358-e06a6742223d
0.15449881734926643,5,e4faa3a8-6047-44e6-b844-ef219241f96a
0.14615208640543015,8,8dbce754-7cd7-466f-824d-16268cfc9b76
0.09697532048685714,5,2cc1ec44-88aa-447b-a630-996d89950f1d
0.2267923251242556,4,eff67b26-9961-4c99-8225-a6ecebc0eed7
0.08114434195603,1,d96ece02-b225-467a-b687-6fa4952457d6
0.05450667021302013,0,7fc43955-01ec-4d8b-bf3f-bf75d014e031
0.5919194421314685,24,25fef012-e724-431d-b10c-8fb54985382f
0.4595280923842599,10,a4262964-1ef5-4f4d-b8ab-7ebd3bf4ed5e
0.6666246879929291,28,bba200e4-7c0f-4679-8037-da85759cb2fb
0.4175617559471174,10,0e0b3c7a-b6a8-407c-9f5d-0a530c4001f2
0.1315744717145112,5,49a30710-9f92-4340-aa76-2eb4c760ab4a
0.5638289208084312,24,6fc17854-f545-4878-8c99-ea5b70210ede
0.6840603895909874,28,b2e42b1f-fd54-4a8c-ab71-f05766ae953f
0.028798322194095945,4,66677dcd-0dae-446c-b5fd-2e401d358690
0.44984691283470946,5,8ada32f7-f7ec-4c60-8b97-ef676254675e
0.08342915072906984,2,e7aea7f3-ea96-4f65-adde-6e162f1f8ffb
0.4630328798827552,10,2cd6ad52-1a9e-45ce-b2c4-e31024b8253f
0.5581328073630947,24,3ed9241a-b3b0-450e-be3d-b37c290ca375
0.6845287480839923,28,ee937fe5-510b-48ed-846b-89777c7131d2
0.15449881734926643,6,e4faa3a8-6047-44e6-b844-ef219241f96a
0.14615208640543015,9,8dbce754-7cd7-466f-824d-16268cfc9b76
0.08114434195603,2,d96ece02-b225-467a-b687-6fa4952457d6
0.05450667021302013,1,7fc43955-01ec-4d8b-bf3f-bf75d014e031
0.41922847203415914,10,79e6485f-e0f4-46da-9600-4d5dc0f39428
0.6773032816985531,28,10d7b983-a729-4cfb-842b-3309216c8b8c
0.43143056452622086,10,5035b6c2-712d-4cf6-9479-ca30095db48f
0.3910365342806325,5,cf05a07f-f91d-487e-9960-48ae3d0ac39c
0.4351439351851544,5,503f6ffa-019d-45a4-96f9-4688ff0c519a
0.03002442927176097,2,4c0f954a-65d9-4443-9c72-091e5c140123
0.5458388984674386,24,f2dcaee1-ee37-41c6-a2ca-8fb1bdb2d7d5
0.4846093910356895,5,e0462873-3d79-44f6-90e2-f437406ad288
0.5465101730090082,24,60de8fa0-3c94-41a1-8a8e-d7af90a232ef
0.2764048003246326,5,9e614c78-b073-4281-92e5-d643f83f93f9
0.07625888965301618,2,79b5ca4a-2c0d-4551-a247-4809df041c5b
0.07027193194075285,1,3ccc4892-e46a-4a00-bc61-6c8ba1064cdb
0.15143213220742333,0,8bd2bb1a-9a0e-4880-b95f-2addb50d6551
0.5919194421314685,25,25fef012-e724-431d-b10c-8fb54985382f
0.4595280923842599,11,a4262964-1ef5-4f4d-b8ab-7ebd3bf4ed5e
0.4175617559471174,11,0e0b3c7a-b6a8-407c-9f5d-0a530c4001f2
0.5638289208084312,25,6fc17854-f545-4878-8c99-ea5b70210ede
0.6840603895909874,29,b2e42b1f-fd54-4a8c-ab71-f05766ae953f
0.44984691283470946,6,8ada32f7-f7ec-4c60-8b97-ef676254675e
0.4630328798827552,11,2cd6ad52-1a9e-45ce-b2c4-e31024b8253f
0.5581328073630947,25,3ed9241a-b3b0-450e-be3d-b37c290ca375
0.6845287480839923,29,ee937fe5-510b-48ed-846b-89777c7131d2
0.15449881734926643,7,e4faa3a8-6047-44e6-b844-ef219241f96a
0.05450667021302013,2,7fc43955-01ec-4d8b-bf3f-bf75d014e031
0.6773032816985531,29,10d7b983-a729-4cfb-842b-3309216c8b8c
0.3910365342806325,6,cf05a07f-f91d-487e-9960-48ae3d0ac39c
0.5458388984674386,25,f2dcaee1-ee37-41c6-a2ca-8fb1bdb2d7d5
0.4846093910356895,6,e0462873-3d79-44f6-90e2-f437406ad288
0.5465101730090082,25,60de8fa0-3c94-41a1-8a8e-d7af90a232ef
0.2764048003246326,6,9e614c78-b073-4281-92e5-d643f83f93f9
0.07625888965301618,3,79b5ca4a-2c0d-4551-a247-4809df041c5b
0.07027193194075285,2,3ccc4892-e46a-4a00-bc61-6c8ba1064cdb
0.15143213220742333,1,8bd2bb1a-9a0e-4880-b95f-2addb50d6551
0.2846532453161809,25,025be726-c401-4095-b874-95275aadafa2
0.12590996711259125,6,7da02402-db13-43b1-a4d8-d331f669af69
0.029193326171791444,5,2fbaabfe-94a7-481d-bca9-22d19f1479da
0.15995602094022965,3,c8d3af7f-33be-4669-b1d5-290e130da826
0.14433614924070334,7,dc473f8d-dbd8-4725-b96d-19c718eb474f
0.07651817134174307,3,7578e1b8-0cde-4447-8095-b70b36c3aa0c
0.44897984443611044,6,c770eb24-9dbb-4b74-b783-148dc1c7e2f7
0.10441514609612042,6,6696b11c-706f-45e8-a17f-e88f1038660d
0.07286735499722445,2,c4bcc38d-2423-483c-b891-cf6fbf776211
0.2612016608621682,0,cdbf6675-2f1e-4ce3-8619-fa535b230dfb
0.5919194421314685,26,25fef012-e724-431d-b10c-8fb54985382f
0.5638289208084312,26,6fc17854-f545-4878-8c99-ea5b70210ede
0.6840603895909874,30,b2e42b1f-fd54-4a8c-ab71-f05766ae953f
0.4630328798827552,12,2cd6ad52-1a9e-45ce-b2c4-e31024b8253f
0.5581328073630947,26,3ed9241a-b3b0-450e-be3d-b37c290ca375
0.6845287480839923,30,ee937fe5-510b-48ed-846b-89777c7131d2
0.6773032816985531,30,10d7b983-a729-4cfb-842b-3309216c8b8c
0.3910365342806325,7,cf05a07f-f91d-487e-9960-48ae3d0ac39c
0.4846093910356895,7,e0462873-3d79-44f6-90e2-f437406ad288
0.2764048003246326,7,9e614c78-b073-4281-92e5-d643f83f93f9
0.15995602094022965,4,c8d3af7f-33be-4669-b1d5-290e130da826
0.44897984443611044,7,c770eb24-9dbb-4b74-b783-148dc1c7e2f7
0.07286735499722445,3,c4bcc38d-2423-483c-b891-cf6fbf776211
0.2612016608621682,1,cdbf6675-2f1e-4ce3-8619-fa535b230dfb
0.5104366963517956,30,23d07691-b286-4d53-af8e-0c84b1173a0e
0.4613169582411345,7,cfec019a-833e-43b2-bcfe-839a8cd25ff5
0.42841285738821316,12,cb5519b2-dff2-47c5-a655-5ce348a2adbd
0.6207181155945076,30,1f31d157-0fac-4698-81b3-c0d3524496bc
0.0563739289807711,3,f3af682c-b653-40cf-9bf3-fca9c478288b
0.5297808916092969,30,980f6971-d36d-4323-b032-2ce151c18981
0.5423133698757909,26,6ba57d92-c624-4edd-80a7-80a78906d671
0.4337097628539641,7,ad72863a-b3bb-4c8a-8eea-ba7aea17f8ab
0.5589026780613711,26,9ee58fb6-e7ef-4f91-9159-3ced55f18009
0.03257203435793036,3,f7562d02-d61c-461e-a5aa-b12e2466a6fa
0.12493235633797753,2,a3e305c5-3850-4fa0-bd6b-0757a70e2a36
0.12616631980365056,7,54173611-87c7-4e81-8b6a-d0bd8f736501
0.17672154300736617,4,1904f506-91ab-49e9-afa9-253312eb2c3c
0.4262306174454012,7,0a77455f-ed0d-4491-9992-424609019761
0.262784562185632,1,e3bd6f53-25a1-4091-aace-b412855e7ea5
0.07827601066671437,0,51e3dde8-78b5-4849-bff2-ecbf52ea882b
0.5919194421314685,27,25fef012-e724-431d-b10c-8fb54985382f
0.5638289208084312,27,6fc17854-f545-4878-8c99-ea5b70210ede
0.6840603895909874,31,b2e42b1f-fd54-4a8c-ab71-f05766ae953f
0.6845287480839923,31,ee937fe5-510b-48ed-846b-89777c7131d2
0.6773032816985531,31,10d7b983-a729-4cfb-842b-3309216c8b8c
0.4846093910356895,8,e0462873-3d79-44f6-90e2-f437406ad288
0.2764048003246326,8,9e614c78-b073-4281-92e5-d643f83f93f9
0.15995602094022965,5,c8d3af7f-33be-4669-b1d5-290e130da826
0.44897984443611044,8,c770eb24-9dbb-4b74-b783-148dc1c7e2f7
0.2612016608621682,2,cdbf6675-2f1e-4ce3-8619-fa535b230dfb
0.5104366963517956,31,23d07691-b286-4d53-af8e-0c84b1173a0e
0.6207181155945076,31,1f31d157-0fac-4698-81b3-c0d3524496bc
0.5297808916092969,31,980f6971-d36d-4323-b032-2ce151c18981
0.03257203435793036,4,f7562d02-d61c-461e-a5aa-b12e2466a6fa
0.12493235633797753,3,a3e305c5-3850-4fa0-bd6b-0757a70e2a36
0.4262306174454012,8,0a77455f-ed0d-4491-9992-424609019761
0.262784562185632,2,e3bd6f53-25a1-4091-aace-b412855e7ea5
0.07827601066671437,1,51e3dde8-78b5-4849-bff2-ecbf52ea882b
0.5909271392915546,31,32cc455c-fd25-434b-90b8-20b405361f1b
0.5359457695295048,27,1f152cd8-2151-4bf9-9f9a-f32b416f5e0b
0.5651996816230063,31,89fd686e-db85-4b20-9dcc-536042cb7bf5
0.47845133439030224,8,4de15abd-9369-45a3-a554-fabd3d6b912f
0.2601436348719659,2,b1b6b6de-80f3-4977-8f5d-9baebbc4549e
0.4279996679623854,8,0712cb79-4ac1-4f61-9ac4-cc47590e031a
0.5675870412746655,27,f1ddc229-e2ef-4214-a531-606ddccb9a86
0.1740103857455791,5,83282834-c14c-4033-8d8f-1194b8b93947
0.4574010727300712,8,27ef2314-f27f-4863-bc7d-fb444e8f90bd
0.25890949883808634,2,541b16ed-9cae-48bb-88cd-d10178d0c337
0.08910752634534785,1,97654716-d5f0-4582-a185-c65ac1afff2e
0.04906386003665574,0,269b9795-f68b-40e5-a53d-cc1b995c6f6e
0.5919194421314685,28,25fef012-e724-431d-b10c-8fb54985382f
0.5638289208084312,28,6fc17854-f545-4878-8c99-ea5b70210ede
0.6845287480839923,32,ee937fe5-510b-48ed-846b-89777c7131d2
0.6773032816985531,32,10d7b983-a729-4cfb-842b-3309216c8b8c
0.4846093910356895,9,e0462873-3d79-44f6-90e2-f437406ad288
0.15995602094022965,6,c8d3af7f-33be-4669-b1d5-290e130da826
0.44897984443611044,9,c770eb24-9dbb-4b74-b783-148dc1c7e2f7
0.2612016608621682,3,cdbf6675-2f1e-4ce3-8619-fa535b230dfb
0.6207181155945076,32,1f31d157-0fac-4698-81b3-c0d3524496bc
0.07827601066671437,2,51e3dde8-78b5-4849-bff2-ecbf52ea882b
0.5359457695295048,28,1f152cd8-2151-4bf9-9f9a-f32b416f5e0b
0.2601436348719659,3,b1b6b6de-80f3-4977-8f5d-9baebbc4549e
0.4279996679623854,9,0712cb79-4ac1-4f61-9ac4-cc47590e031a
0.5675870412746655,28,f1ddc229-e2ef-4214-a531-606ddccb9a86
0.4574010727300712,9,27ef2314-f27f-4863-bc7d-fb444e8f90bd
0.08910752634534785,2,97654716-d5f0-4582-a185-c65ac1afff2e
0.04906386003665574,1,269b9795-f68b-40e5-a53d-cc1b995c6f6e
0.6223689467160773,32,75576812-ec94-4b9f-aee7-2059dc0fcc9c
0.7198223517683833,32,af959ee9-dadd-405a-b577-9bd1db9bc620
0.4420334570277227,9,03db794f-f7b5-4281-89ec-de72361aef9d
0.46037846405022725,32,27924468-27a6-4416-9f66-05f47c1393dd
0.2591216811812196,3,870c217d-3b7e-47bf-adcd-676ca4719d6f
0.09103720512770683,2,0f4dea7b-0287-4896-b69e-8e270ea4a107
0.5142224308502751,9,47f2bb0e-dfa2-4225-afb7-d0579c5e7a08
0.38773827683994067,9,37f6be06-d67c-44c1-80e6-507c4d9bbf5b
0.5642841455408794,28,d6a80828-6f37-44b2-871e-f3071825ecc9
0.43269153462207044,9,3e129829-a3ea-485f-836e-3682b11f59aa
0.25937070468311935,3,65a5ef8a-d1fa-4bc4-908b-6b5c4ab3c2fe
0.06516440909335007,1,8d73a46e-7ef8-4748-8b16-eb47fb825f5c
0.44153146643410895,0,6243aa24-57fa-46f4-b80d-125116602b96
0.5919194421314685,29,25fef012-e724-431d-b10c-8fb54985382f
0.6773032816985531,33,10d7b983-a729-4cfb-842b-3309216c8b8c
0.15995602094022965,7,c8d3af7f-33be-4669-b1d5-290e130da826
0.2612016608621682,4,cdbf6675-2f1e-4ce3-8619-fa535b230dfb
0.6207181155945076,33,1f31d157-0fac-4698-81b3-c0d3524496bc
0.2601436348719659,4,b1b6b6de-80f3-4977-8f5d-9baebbc4549e
0.5675870412746655,29,f1ddc229-e2ef-4214-a531-606ddccb9a86
0.4574010727300712,10,27ef2314-f27f-4863-bc7d-fb444e8f90bd
0.08910752634534785,3,97654716-d5f0-4582-a185-c65ac1afff2e
0.04906386003665574,2,269b9795-f68b-40e5-a53d-cc1b995c6f6e
0.6223689467160773,33,75576812-ec94-4b9f-aee7-2059dc0fcc9c
0.7198223517683833,33,af959ee9-dadd-405a-b577-9bd1db9bc620
0.4420334570277227,10,03db794f-f7b5-4281-89ec-de72361aef9d
0.2591216811812196,4,870c217d-3b7e-47bf-adcd-676ca4719d6f
0.09103720512770683,3,0f4dea7b-0287-4896-b69e-8e270ea4a107
0.5142224308502751,10,47f2bb0e-dfa2-4225-afb7-d0579c5e7a08
0.5642841455408794,29,d6a80828-6f37-44b2-871e-f3071825ecc9
0.06516440909335007,2,8d73a46e-7ef8-4748-8b16-eb47fb825f5c
0.44153146643410895,1,6243aa24-57fa-46f4-b80d-125116602b96
0.4818530754690897,10,20cc57b3-ad71-4c66-ac92-9996bcc7a3d9
0.25077252456324217,4,b0e477b9-a0c8-4768-a7e3-bf44e436995d
0.09442246219158208,3,843077c4-69ad-4df8-b806-75179e6f9f57
0.5376239623128886,29,a0b5acc9-780a-4472-b1ff-a071f88dd976
0.2604386038811201,4,6b979a94-eb3f-45ec-a7d4-4a9bdd3f3143
0.4420334570277227,10,50310aa4-f6c4-4a3f-813f-2bd3d5088430
0.6053293385931928,33,dfc6eb0d-49ac-4a19-a14b-0994211a2816
0.2609319019889195,4,1cbb07b1-0e05-41ce-a739-bd1e82104d2d
0.059013412544088144,2,361919f4-2019-423a-9a63-12c00e04620c
0.13144020612134819,1,bf7a7ece-d0a4-4f3a-89ab-d9b9e3363dcd
0.13736832056141843,0,a7aebd3b-a21c-4784-ae1d-36e757661970
0.5919194421314685,30,25fef012-e724-431d-b10c-8fb54985382f
0.6773032816985531,34,10d7b983-a729-4cfb-842b-3309216c8b8c
0.2612016608621682,5,cdbf6675-2f1e-4ce3-8619-fa535b230dfb
0.5675870412746655,30,f1ddc229-e2ef-4214-a531-606ddccb9a86
0.4574010727300712,11,27ef2314-f27f-4863-bc7d-fb444e8f90bd
0.6223689467160773,34,75576812-ec94-4b9f-aee7-2059dc0fcc9c
0.7198223517683833,34,af959ee9-dadd-405a-b577-9bd1db9bc620
0.2591216811812196,5,870c217d-3b7e-47bf-adcd-676ca4719d6f
0.5142224308502751,11,47f2bb0e-dfa2-4225-afb7-d0579c5e7a08
0.5642841455408794,30,d6a80828-6f37-44b2-871e-f3071825ecc9
0.06516440909335007,3,8d73a46e-7ef8-4748-8b16-eb47fb825f5c
0.44153146643410895,2,6243aa24-57fa-46f4-b80d-125116602b96
0.4818530754690897,11,20cc57b3-ad71-4c66-ac92-9996bcc7a3d9
0.25077252456324217,5,b0e477b9-a0c8-4768-a7e3-bf44e436995d
0.5376239623128886,30,a0b5acc9-780a-4472-b1ff-a071f88dd976
0.4420334570277227,11,50310aa4-f6c4-4a3f-813f-2bd3d5088430
0.6053293385931928,34,dfc6eb0d-49ac-4a19-a14b-0994211a2816
0.2609319019889195,5,1cbb07b1-0e05-41ce-a739-bd1e82104d2d
0.13736832056141843,1,a7aebd3b-a21c-4784-ae1d-36e757661970
0.555683339132176,30,97f9ab4d-4ef9-41ec-923b-c6ed4ad6d0ec
0.05142478395522716,3,9bc34dec-6f4d-4326-b577-af3cc7c331e3
0.2792187074592657,5,abc3542c-eb57-41e1-856b-e8b405cba962
0.45170402753551037,11,d9fc4e4c-9713-4867-baab-1f42168a8ede
0.2567731505209911,2,46db75bd-38e2-4368-ad05-76959610efd2
0.495387812531634,11,09517b76-0e6c-49e7-a2d6-d0618364076f
0.567377090250631,34,5ae45eee-da52-48c8-b8ca-9a0218bb8e17
0.25606682659869223,5,92269f4c-2690-40f7-8893-bdf5332f0c88
0.17747025207952902,2,b5e7ce31-1cfe-4c96-8bc7-b69b29c49566
0.1379703038731843,1,3310a8dd-7497-4daa-b681-980a20bdd256
0.04348550981222737,0,1b385d68-db4a-4cbf-b0a2-a8a22e219c1f
0.5919194421314685,31,25fef012-e724-431d-b10c-8fb54985382f
0.5675870412746655,31,f1ddc229-e2ef-4214-a531-606ddccb9a86
0.4574010727300712,12,27ef2314-f27f-4863-bc7d-fb444e8f90bd
0.6223689467160773,35,75576812-ec94-4b9f-aee7-2059dc0fcc9c
0.7198223517683833,35,af959ee9-dadd-405a-b577-9bd1db9bc620
0.5142224308502751,12,47f2bb0e-dfa2-4225-afb7-d0579c5e7a08
0.5642841455408794,31,d6a80828-6f37-44b2-871e-f3071825ecc9
0.44153146643410895,3,6243aa24-57fa-46f4-b80d-125116602b96
0.4420334570277227,12,50310aa4-f6c4-4a3f-813f-2bd3d5088430
0.13736832056141843,2,a7aebd3b-a21c-4784-ae1d-36e757661970
0.555683339132176,31,97f9ab4d-4ef9-41ec-923b-c6ed4ad6d0ec
0.2792187074592657,6,abc3542c-eb57-41e1-856b-e8b405cba962
0.2567731505209911,3,46db75bd-38e2-4368-ad05-76959610efd2
0.495387812531634,12,09517b76-0e6c-49e7-a2d6-d0618364076f
0.567377090250631,35,5ae45eee-da52-48c8-b8ca-9a0218bb8e17
0.17747025207952902,3,b5e7ce31-1cfe-4c96-8bc7-b69b29c49566
0.5994232643192394,31,f6880c88-3385-445b-8e11-a2e674665d73
0.484682439495176,12,79e13fef-4f85-489a-8573-9839615658fd
0.18969394018236033,6,d9445dbe-6a17-4eae-9241-8aac5dc5ed8b
0.43061795305335876,12,f44cb4b9-0641-4663-86d7-ddedee172fbd
0.5612268698105218,31,d026aff0-9ba9-405d-8d9c-751bd18a47e3
0.36676797981008774,12,b0628ef8-4916-429b-9a3b-5b4a85f0c015
0.2021216454424282,2,7a4a84d6-7d84-4fbb-89e2-a1443ec47a4c
0.295405385342633,31,2a743f9e-a984-4fb4-a228-0a643e3f7efb
0.4889109772674527,12,e87be7de-7f21-4e5d-a89d-e45c66ecc78f
0.35271312034147384,3,a74dbd05-3b66-4466-8425-c794668700d6
0.27273265337183056,6,f064ae00-40da-4077-aaa1-81c74e47fff5
0.13806778094027394,2,22dab063-918a-4dce-a2ea-3eab1b39ddca
0.04515198451709663,1,b5a26e9c-cb1f-4692-8177-2ca18b6bfbed
0.07464855480555592,0,4bd56c94-849f-42b2-b0bb-c97ce7e11469
0.5919194421314685,32,25fef012-e724-431d-b10c-8fb54985382f
0.5675870412746655,32,f1ddc229-e2ef-4214-a531-606ddccb9a86
0.6223689467160773,36,75576812-ec94-4b9f-aee7-2059dc0fcc9c
0.7198223517683833,36,af959ee9-dadd-405a-b577-9bd1db9bc620
0.5142224308502751,13,47f2bb0e-dfa2-4225-afb7-d0579c5e7a08
0.44153146643410895,4,6243aa24-57fa-46f4-b80d-125116602b96
0.4420334570277227,13,50310aa4-f6c4-4a3f-813f-2bd3d5088430
0.13736832056141843,3,a7aebd3b-a21c-4784-ae1d-36e757661970
0.2792187074592657,7,abc3542c-eb57-41e1-856b-e8b405cba962
0.2567731505209911,4,46db75bd-38e2-4368-ad05-76959610efd2
0.495387812531634,13,09517b76-0e6c-49e7-a2d6-d0618364076f
0.567377090250631,36,5ae45eee-da52-48c8-b8ca-9a0218bb8e17
0.17747025207952902,4,b5e7ce31-1cfe-4c96-8bc7-b69b29c49566
0.18969394018236033,7,d9445dbe-6a17-4eae-9241-8aac5dc5ed8b
0.2021216454424282,3,7a4a84d6-7d84-4fbb-89e2-a1443ec47a4c
0.35271312034147384,4,a74dbd05-3b66-4466-8425-c794668700d6
0.13806778094027394,3,22dab063-918a-4dce-a2ea-3eab1b39ddca
0.07464855480555592,1,4bd56c94-849f-42b2-b0bb-c97ce7e11469
0.5727426964034567,32,5be5f5d5-5e28-4763-989b-daa50cb9601d
0.4337861386399478,13,be553de5-75e7-4537-b6a6-2b9a97610628
0.5729640024048962,32,9752bb38-5614-4f64-96c2-ddf11f90c50f
0.3287582852766705,4,c2bebeec-8f62-47bb-abed-836e42f01061
0.13736885734854037,3,79077068-6e39-425e-b970-14e6de293ff0
0.2515637384446058,7,f1f3571a-e090-46de-bed6-9a652fd5f8a8
0.21004191052419263,3,2685847f-8c26-4023-bf8f-6b3221c0f161
0.6467683255923222,4,f08739d0-2b4c-439a-8523-229811056412
0.27536095061315236,7,caf25f99-0863-4220-8b02-e9b19b09b910
0.1374570049606801,3,a6ce8027-d9af-4249-9949-82da756885d1
0.08027031094212604,1,b7483bc4-7fbd-4c10-89dc-c12ddbe8b4a3
0.09329060531337172,0,5cf0f64e-0f26-484a-8744-9d3f75581b6c
0.5919194421314685,33,25fef012-e724-431d-b10c-8fb54985382f
0.5675870412746655,33,f1ddc229-e2ef-4214-a531-606ddccb9a86
0.7198223517683833,37,af959ee9-dadd-405a-b577-9bd1db9bc620
0.5142224308502751,14,47f2bb0e-dfa2-4225-afb7-d0579c5e7a08
0.44153146643410895,5,6243aa24-57fa-46f4-b80d-125116602b96
0.13736832056141843,4,a7aebd3b-a21c-4784-ae1d-36e757661970
0.495387812531634,14,09517b76-0e6c-49e7-a2d6-d0618364076f
0.2021216454424282,4,7a4a84d6-7d84-4fbb-89e2-a1443ec47a4c
0.35271312034147384,5,a74dbd05-3b66-4466-8425-c794668700d6
0.13806778094027394,4,22dab063-918a-4dce-a2ea-3eab1b39ddca
0.4337861386399478,14,be553de5-75e7-4537-b6a6-2b9a97610628
0.2515637384446058,8,f1f3571a-e090-46de-bed6-9a652fd5f8a8
0.21004191052419263,4,2685847f-8c26-4023-bf8f-6b3221c0f161
0.6467683255923222,5,f08739d0-2b4c-439a-8523-229811056412
0.08027031094212604,2,b7483bc4-7fbd-4c10-89dc-c12ddbe8b4a3
0.5648853899027427,33,415734c7-5aad-4cd0-8623-65d69c5484e6
0.4777763957424819,14,86dde92a-0fe7-40b1-a9ce-7d8d6a9bc8d7
0.43112975474295046,5,f6bcbd2e-b7bd-4f86-986c-09914c462d85
0.2823598516582239,8,ef340393-e9ac-4ae9-bd7c-fa4f3438d195
0.33277738527564166,5,dd4bad00-5991-4fc0-9e0d-7e912c2733bf
0.5054770820015934,14,071c8819-b44a-43f1-b46c-ea14b4291c68
0.0932868747903336,5,a04f5e2b-77cb-4698-ad95-5a80f5b49059
0.1367779615879785,4,414b0410-a945-4b80-8d7f-7b71acc554fc
0.06958289298051547,2,f4cc231f-b3e3-4a74-bde4-7562d21b7ef0
0.5602552497275474,33,d0625a00-9926-4135-b514-d2f5793b0df2
0.5001377809318288,14,5cc3731a-c5f3-475e-aa78-545c80db514c
0.17244895574731126,5,40081c77-6bf9-46f5-82df-9b511e46fbf2
0.13781775930875872,4,65a7e587-f171-40b9-8e77-73585e87fbf7
0.07086982174514012,1,383bc229-dd59-48a5-91ac-aae55717b1b8
0.38848210600883254,0,de8c818a-2487-46d6-98dc-8d20b1aa6d28
0.5919194421314685,34,25fef012-e724-431d-b10c-8fb54985382f
0.5675870412746655,34,f1ddc229-e2ef-4214-a531-606ddccb9a86
0.7198223517683833,38,af959ee9-dadd-405a-b577-9bd1db9bc620
0.5142224308502751,15,47f2bb0e-dfa2-4225-afb7-d0579c5e7a08
0.35271312034147384,6,a74dbd05-3b66-4466-8425-c794668700d6
0.21004191052419263,5,2685847f-8c26-4023-bf8f-6b3221c0f161
0.6467683255923222,6,f08739d0-2b4c-439a-8523-229811056412
0.08027031094212604,3,b7483bc4-7fbd-4c10-89dc-c12ddbe8b4a3
0.4777763957424819,15,86dde92a-0fe7-40b1-a9ce-7d8d6a9bc8d7
0.43112975474295046,6,f6bcbd2e-b7bd-4f86-986c-09914c462d85
0.1367779615879785,5,414b0410-a945-4b80-8d7f-7b71acc554fc
0.5001377809318288,15,5cc3731a-c5f3-475e-aa78-545c80db514c
0.13781775930875872,5,65a7e587-f171-40b9-8e77-73585e87fbf7
0.38848210600883254,1,de8c818a-2487-46d6-98dc-8d20b1aa6d28
0.5943549914586493,34,8a8a5447-9de0-4dc0-ac83-57684ef34aae
0.583270993426575,34,595c5866-36a6-417c-8716-30d44be407c7
0.2025704475578914,5,66fa9594-2c10-4860-abf0-6d24b48abd33
0.3738864905896024,15,8a250290-6d82-4678-89ce-44af6835321a
0.1380857047471047,5,5000911e-8d0d-449c-8e6d-3c6b28feeb87
0.5150866118612042,15,362754f2-6667-440d-9523-dbaa5053b8c1
0.20554297331447907,5,05593b3f-f88f-4437-8100-52e99fbcf9ba
0.3550043471953576,6,c32731f8-f230-4acd-9977-7e14326d517f
0.0852191317759863,3,6d2dac10-9a10-4a9d-90a2-a50b192ecf5f
0.21836641389471326,6,7c85e6a5-694c-41bd-bf74-252abc9be01e
0.4091238265514347,6,0e95717d-d080-4c96-87fe-e2eb4cc1dbe7
0.4323310691903878,15,11193349-2eba-4918-923e-a681e8ae8523
0.44198316251315417,6,4f83ab81-b402-4638-bda4-3c935004587d
0.07981264739924857,2,a15d9d01-b137-4106-be06-3e4042106587
0.4156521593514724,1,66cf53a2-89d6-4bca-ab9c-89e8f6eb76e4
0.1123126701079081,0,526b726b-46fa-4b67-81fd-5070a8720ed9
0.5919194421314685,35,25fef012-e724-431d-b10c-8fb54985382f
0.5675870412746655,35,f1ddc229-e2ef-4214-a531-606ddccb9a86
0.7198223517683833,39,af959ee9-dadd-405a-b577-9bd1db9bc620
0.5142224308502751,16,47f2bb0e-dfa2-4225-afb7-d0579c5e7a08
0.6467683255923222,7,f08739d0-2b4c-439a-8523-229811056412
0.08027031094212604,4,b7483bc4-7fbd-4c10-89dc-c12ddbe8b4a3
0.4777763957424819,16,86dde92a-0fe7-40b1-a9ce-7d8d6a9bc8d7
0.38848210600883254,2,de8c818a-2487-46d6-98dc-8d20b1aa6d28
0.5943549914586493,35,8a8a5447-9de0-4dc0-ac83-57684ef34aae
0.583270993426575,35,595c5866-36a6-417c-8716-30d44be407c7
0.5150866118612042,16,362754f2-6667-440d-9523-dbaa5053b8c1
0.20554297331447907,6,05593b3f-f88f-4437-8100-52e99fbcf9ba
0.3550043471953576,7,c32731f8-f230-4acd-9977-7e14326d517f
0.21836641389471326,7,7c85e6a5-694c-41bd-bf74-252abc9be01e
0.4091238265514347,7,0e95717d-d080-4c96-87fe-e2eb4cc1dbe7
0.44198316251315417,7,4f83ab81-b402-4638-bda4-3c935004587d
0.07981264739924857,3,a15d9d01-b137-4106-be06-3e4042106587
0.4156521593514724,2,66cf53a2-89d6-4bca-ab9c-89e8f6eb76e4
0.5258729347344189,35,4f86018d-d5da-4ffe-8e89-9bc85d1fa67c
0.5244051010967159,16,299c8189-ce37-4645-a5fc-40b97660f704
0.4833210755483469,16,1ffb636e-17b1-42ea-b135-761a032b495e
0.13741782309768566,6,24787dde-cc9b-4878-909b-3ed611278dd0
0.2673271015194259,16,c700f5d8-92c0-4b7c-bd14-bdb33cae8596
0.2136843410873103,6,07fd028d-a0a6-47cd-bcfc-6703de91d5c2
0.21638082847676898,7,53dafe51-50cd-4ad6-b440-c3bcc53c2780
0.08238371056893018,4,35a74382-dd49-45ab-8f56-59c89632d6fa
0.4966779110048352,7,45b84bcc-c046-476c-bdea-23a405a48996
0.07784008554489875,3,5c3a3e12-1f02-4c7d-8462-0cde463789b2
0.11580440215543386,1,5e2df9f8-b143-4223-9f86-c49b48a48b6e
0.14102988874019612,0,0f246d11-06b8-42d5-83e1-9607e7afc7a2
0.5675870412746655,36,f1ddc229-e2ef-4214-a531-606ddccb9a86
0.7198223517683833,40,af959ee9-dadd-405a-b577-9bd1db9bc620
0.5142224308502751,17,47f2bb0e-dfa2-4225-afb7-d0579c5e7a08
0.6467683255923222,8,f08739d0-2b4c-439a-8523-229811056412
0.5943549914586493,36,8a8a5447-9de0-4dc0-ac83-57684ef34aae
0.5150866118612042,17,362754f2-6667-440d-9523-dbaa5053b8c1
0.44198316251315417,8,4f83ab81-b402-4638-bda4-3c935004587d
0.4156521593514724,3,66cf53a2-89d6-4bca-ab9c-89e8f6eb76e4
0.5258729347344189,36,4f86018d-d5da-4ffe-8e89-9bc85d1fa67c
0.5244051010967159,17,299c8189-ce37-4645-a5fc-40b97660f704
0.4833210755483469,17,1ffb636e-17b1-42ea-b135-761a032b495e
0.2136843410873103,7,07fd028d-a0a6-47cd-bcfc-6703de91d5c2
0.08238371056893018,5,35a74382-dd49-45ab-8f56-59c89632d6fa
0.4966779110048352,8,45b84bcc-c046-476c-bdea-23a405a48996
0.14102988874019612,1,0f246d11-06b8-42d5-83e1-9607e7afc7a2
0.5325265466451657,36,10996841-783d-4b8b-8f15-64a5529f82c0
0.1913325500769049,8,66440fea-b268-41db-9c68-de597395d0d9
0.4179897392562695,3,133f2518-d505-4720-8e56-ce49babbeca6
0.5449196942552674,36,eeff0b4e-d435-44e6-a0f6-92327c3a9151
0.5673661736350052,36,8cdd941c-e3e8-46e4-8e9c-be42d7b55e92
0.08166986393220234,4,41fabbe3-72ce-41b9-8bcb-d5a3556ecd38
0.3708933512660905,3,2a30848f-19bd-4bdf-bc2a-0a0dde90af10
0.524588430546856,36,2d9a5fe4-e3a4-4aaf-95e9-65058fd0a32b
0.4356888574741376,17,7025e473-19f0-4df7-a7be-1afe61c43104
0.19018596373571728,7,31e8028d-9ca2-494f-97d0-fdd22fc29677
0.0873437030049267,5,5a743ab7-f280-42d2-97c6-8eea012061c0
0.40670265185617954,8,b354aea5-22a7-4352-a444-4ec32ec88319
0.12179633738262759,2,9491e41b-74c2-4deb-a3ff-895f41d3f25c
0.03618243799306391,1,f1220b92-6052-4ee7-b1d0-d84c68f5a52b
0.08128610819986336,0,1d362c16-032b-4012-bc70-9761b9d6657d
0.5675870412746655,37,f1ddc229-e2ef-4214-a531-606ddccb9a86
0.7198223517683833,41,af959ee9-dadd-405a-b577-9bd1db9bc620
0.6467683255923222,9,f08739d0-2b4c-439a-8523-229811056412
0.5943549914586493,37,8a8a5447-9de0-4dc0-ac83-57684ef34aae
0.5150866118612042,18,362754f2-6667-440d-9523-dbaa5053b8c1
0.44198316251315417,9,4f83ab81-b402-4638-bda4-3c935004587d
0.4156521593514724,4,66cf53a2-89d6-4bca-ab9c-89e8f6eb76e4
0.5258729347344189,37,4f86018d-d5da-4ffe-8e89-9bc85d1fa67c
0.5244051010967159,18,299c8189-ce37-4645-a5fc-40b97660f704
0.4833210755483469,18,1ffb636e-17b1-42ea-b135-761a032b495e
0.4966779110048352,9,45b84bcc-c046-476c-bdea-23a405a48996
0.14102988874019612,2,0f246d11-06b8-42d5-83e1-9607e7afc7a2
0.5325265466451657,37,10996841-783d-4b8b-8f15-64a5529f82c0
0.1913325500769049,9,66440fea-b268-41db-9c68-de597395d0d9
0.4179897392562695,4,133f2518-d505-4720-8e56-ce49babbeca6
0.5673661736350052,37,8cdd941c-e3e8-46e4-8e9c-be42d7b55e92
0.12179633738262759,3,9491e41b-74c2-4deb-a3ff-895f41d3f25c
0.08128610819986336,1,1d362c16-032b-4012-bc70-9761b9d6657d
0.5958945233566373,41,431551cc-8e15-4009-a450-be0fae66b90c
0.3902056453458217,9,7bb061a4-08c1-41d2-81e4-7f88888eeb63
0.43076866562520405,4,2ffb9e45-62e9-4e87-b1d0-41fb450608e0
0.09716462028912894,8,afe15f9e-cc5e-4313-9e5b-6b9993d53dc8
0.09861833406868654,2,c1589af5-2ff1-463a-9798-32e1cae92263
0.3786555917408981,9,da427dc5-dfff-458a-9295-5169e430cd6f
0.4284974450970981,4,6d89342b-7455-42ed-b5c5-3fa823bb7b74
0.16675349071051762,8,b7958bca-f595-401d-8e9a-6eff002d0bc7
0.11868951204722057,3,4452109c-804b-47dc-b4cc-5bc5a06cdead
0.1722186810952616,2,e6d08e72-5ca3-4de1-89f3-b6f7e45c0761
0.0755846884441544,1,f1aeead4-e7b9-4fa5-8a0b-94c18b7bdc2c
0.0008283308552199659,0,8f80ae4f-2dd6-4586-adf2-9f5bcde9fdf2
0.5675870412746655,38,f1ddc229-e2ef-4214-a531-606ddccb9a86
0.7198223517683833,42,af959ee9-dadd-405a-b577-9bd1db9bc620
0.6467683255923222,10,f08739d0-2b4c-439a-8523-229811056412
0.5943549914586493,38,8a8a5447-9de0-4dc0-ac83-57684ef34aae
0.5150866118612042,19,362754f2-6667-440d-9523-dbaa5053b8c1
0.5258729347344189,38,4f86018d-d5da-4ffe-8e89-9bc85d1fa67c
0.5244051010967159,19,299c8189-ce37-4645-a5fc-40b97660f704
0.14102988874019612,3,0f246d11-06b8-42d5-83e1-9607e7afc7a2
0.5325265466451657,38,10996841-783d-4b8b-8f15-64a5529f82c0
0.4179897392562695,5,133f2518-d505-4720-8e56-ce49babbeca6
0.5673661736350052,38,8cdd941c-e3e8-46e4-8e9c-be42d7b55e92
0.08128610819986336,2,1d362c16-032b-4012-bc70-9761b9d6657d
0.43076866562520405,5,2ffb9e45-62e9-4e87-b1d0-41fb450608e0
0.09861833406868654,3,c1589af5-2ff1-463a-9798-32e1cae92263
0.4284974450970981,5,6d89342b-7455-42ed-b5c5-3fa823bb7b74
0.1722186810952616,3,e6d08e72-5ca3-4de1-89f3-b6f7e45c0761
0.0755846884441544,2,f1aeead4-e7b9-4fa5-8a0b-94c18b7bdc2c
0.0008283308552199659,1,8f80ae4f-2dd6-4586-adf2-9f5bcde9fdf2
0.6344793626534004,10,9716260e-af40-46ac-9cfd-fcc0f4adba2a
0.5611064497305094,10,8b03a3f6-21f9-494d-ac95-287319f96bea
0.33784402654694456,5,8b661673-8bda-49e1-adf2-ce5332bac9dd
0.5214059851436625,38,8f9868b0-3f4c-4203-be6a-1f9f2210ff39
0.5298290782026175,10,8e38c353-a9ba-4558-b7ce-04b0dd7f0470
0.1811334503967148,3,06cabc0f-79fe-41d8-a28f-dbcc128577f4
0.5553125075805179,38,7785c50a-910d-4467-a2dc-f199951ef746
0.40136107032993457,5,f43852ed-2c79-459f-ad92-333cfb9fcb7a
0.09140432560692771,2,bb1e833b-a529-4cd2-a1c5-a9ef926d114d
0.09862772380892261,3,c4b912e8-440c-4e23-b34b-c403271442f5
0.04659902260946772,2,0b675f37-e024-4dbc-a7ad-abd07891a75e
0.08906796744748063,0,12b0b950-cb93-4dc1-a1de-70ec17e7bbd4
0.7198223517683833,43,af959ee9-dadd-405a-b577-9bd1db9bc620
0.6467683255923222,11,f08739d0-2b4c-439a-8523-229811056412
0.5943549914586493,39,8a8a5447-9de0-4dc0-ac83-57684ef34aae
0.5150866118612042,20,362754f2-6667-440d-9523-dbaa5053b8c1
0.5258729347344189,39,4f86018d-d5da-4ffe-8e89-9bc85d1fa67c
0.5244051010967159,20,299c8189-ce37-4645-a5fc-40b97660f704
0.4179897392562695,6,133f2518-d505-4720-8e56-ce49babbeca6
0.08128610819986336,3,1d362c16-032b-4012-bc70-9761b9d6657d
0.43076866562520405,6,2ffb9e45-62e9-4e87-b1d0-41fb450608e0
0.4284974450970981,6,6d89342b-7455-42ed-b5c5-3fa823bb7b74
0.1722186810952616,4,e6d08e72-5ca3-4de1-89f3-b6f7e45c0761
0.0755846884441544,3,f1aeead4-e7b9-4fa5-8a0b-94c18b7bdc2c
0.6344793626534004,11,9716260e-af40-46ac-9cfd-fcc0f4adba2a
0.5611064497305094,11,8b03a3f6-21f9-494d-ac95-287319f96bea
0.1811334503967148,4,06cabc0f-79fe-41d8-a28f-dbcc128577f4
0.09140432560692771,3,bb1e833b-a529-4cd2-a1c5-a9ef926d114d
0.09862772380892261,4,c4b912e8-440c-4e23-b34b-c403271442f5
0.04659902260946772,3,0b675f37-e024-4dbc-a7ad-abd07891a75e
0.5420733556330966,39,0263e876-70b8-4cf2-9fe7-513bfef03b25
0.7199670474368022,43,21fc4b3a-2e90-4f5c-9807-4e06ab5ed90e
0.4442908373101517,20,a640ef04-d4c9-4f88-8e36-2501c439e608
0.08331270318466608,4,4a53ad9d-99f6-4abc-b302-fe6630781f70
0.4062077463246781,6,ab6286cc-55e6-4e7b-867c-9ae04b123241
0.09837696786231885,3,3067a3a4-4cca-4aaa-b558-72bd4bd7d485
0.43013598165817846,6,5bd2ceba-e41d-45b6-9a6d-0a9bdbb135d6
0.09013724353597669,4,25801ed5-b1b0-4d07-9715-d8bf9a2c79b0
0.0008418580649155142,2,147e5022-c99c-4eb3-9f67-cb3b6f380718
0.34023209664558823,6,ed8e6f7d-7da0-49ea-8093-8977ed9d70c5
0.09105397565378986,3,0204f3d8-e041-4113-a061-c16474f335c4
0.3037710418367903,0,0147b432-eb10-48d2-bb83-7c1e11118c22
0.7198223517683833,44,af959ee9-dadd-405a-b577-9bd1db9bc620
0.6467683255923222,12,f08739d0-2b4c-439a-8523-229811056412
0.5943549914586493,40,8a8a5447-9de0-4dc0-ac83-57684ef34aae
0.5244051010967159,21,299c8189-ce37-4645-a5fc-40b97660f704
0.08128610819986336,4,1d362c16-032b-4012-bc70-9761b9d6657d
0.43076866562520405,7,2ffb9e45-62e9-4e87-b1d0-41fb450608e0
0.4284974450970981,7,6d89342b-7455-42ed-b5c5-3fa823bb7b74
0.1722186810952616,5,e6d08e72-5ca3-4de1-89f3-b6f7e45c0761
0.0755846884441544,4,f1aeead4-e7b9-4fa5-8a0b-94c18b7bdc2c
0.6344793626534004,12,9716260e-af40-46ac-9cfd-fcc0f4adba2a
0.5611064497305094,12,8b03a3f6-21f9-494d-ac95-287319f96bea
0.1811334503967148,5,06cabc0f-79fe-41d8-a28f-dbcc128577f4
0.7199670474368022,44,21fc4b3a-2e90-4f5c-9807-4e06ab5ed90e
0.4062077463246781,7,ab6286cc-55e6-4e7b-867c-9ae04b123241
0.09837696786231885,4,3067a3a4-4cca-4aaa-b558-72bd4bd7d485
0.0008418580649155142,3,147e5022-c99c-4eb3-9f67-cb3b6f380718
0.3037710418367903,1,0147b432-eb10-48d2-bb83-7c1e11118c22
0.4170428886177061,21,db2dab7f-bc34-4476-b30f-c09f3592541a
0.06504468592120896,4,6b0fbd56-d0f4-4e17-b51e-aba8ace3eb8c
0.3718440853957871,7,43261ae1-b792-4a3a-9029-e45ff79de886
0.38389938015172625,7,09e94f62-283b-45e7-adfa-8a1275e1fadf
0.16460833050933807,5,fc0d71ff-5db7-4c5f-8326-1e32c7f246c3
0.49356071846429445,12,d3a69658-3436-4b07-9716-435f9fef869a
0.5327500763001152,40,bf45eec5-f3e8-4e02-ae6c-d2f9d22e2e5b
0.7167260750784145,44,4b6c32b0-8283-498c-88cb-ce5ef9585ad0
0.3727000361756773,7,16fe87b7-c90b-4917-bd25-a2c0361d687b
0.06523143007876886,3,c0497ebc-98ec-4358-8178-1fac149c317d
0.34101524728400895,7,eb302db8-c9b2-42a6-a7fb-3c66ce0d7284
0.0769062454512939,1,9dfc7342-a0b6-4ac4-9e11-75e5f12e6c6a
0.05830727883395938,0,d7c96817-daa6-4d6e-bb1c-c1f6cb7b06dc
0.7198223517683833,45,af959ee9-dadd-405a-b577-9bd1db9bc620
0.6467683255923222,13,f08739d0-2b4c-439a-8523-229811056412
0.5943549914586493,41,8a8a5447-9de0-4dc0-ac83-57684ef34aae
0.08128610819986336,5,1d362c16-032b-4012-bc70-9761b9d6657d
0.43076866562520405,8,2ffb9e45-62e9-4e87-b1d0-41fb450608e0
0.4284974450970981,8,6d89342b-7455-42ed-b5c5-3fa823bb7b74
0.1722186810952616,6,e6d08e72-5ca3-4de1-89f3-b6f7e45c0761
0.6344793626534004,13,9716260e-af40-46ac-9cfd-fcc0f4adba2a
0.5611064497305094,13,8b03a3f6-21f9-494d-ac95-287319f96bea
0.1811334503967148,6,06cabc0f-79fe-41d8-a28f-dbcc128577f4
0.4062077463246781,8,ab6286cc-55e6-4e7b-867c-9ae04b123241
0.3037710418367903,2,0147b432-eb10-48d2-bb83-7c1e11118c22
0.38389938015172625,8,09e94f62-283b-45e7-adfa-8a1275e1fadf
0.7167260750784145,45,4b6c32b0-8283-498c-88cb-ce5ef9585ad0
0.06523143007876886,4,c0497ebc-98ec-4358-8178-1fac149c317d
0.05830727883395938,1,d7c96817-daa6-4d6e-bb1c-c1f6cb7b06dc
0.404013655736807,8,c4a914b2-ec7b-41d6-ba22-c6dcba641255
0.4069873781222643,13,948c5b7c-f963-4440-a30b-6b470b4550a8
0.09503799904453133,6,0795c8b0-b3e9-4f3a-9e9b-3add814146b4
0.6675526686794101,45,75e36ed8-2248-4133-9f59-c4803333cbf3
0.09137134260908736,5,fcede149-c8d1-4316-b1c7-ae36ce38217f
0.1862830988974752,2,9601b88f-38bc-4ceb-bfdf-19a75f1ca743
0.3480007586800386,8,16f4d110-24a6-425e-9f78-e7bdfdcf4d93
0.5549879000268626,13,70c33dcf-3eec-4358-979a-0b02608bd9db
0.7606930499394532,45,5537c055-f8f7-41d6-a5d2-17e8412c35c0
0.085942453045591,4,91318b6f-44d8-4f28-a6ec-1cd4aa0e851d
0.39618290284498325,8,e090fe70-525d-4583-8685-b34bf8723d8c
0.28300357351086863,2,482826a3-9fc8-44c1-b3ba-a803b582247b
0.05914298124980579,1,7cb8b1c5-4e43-4ebf-96d9-24ac781569e3
0.027863401183246973,0,2ea9d2a7-3734-4ceb-a35f-a99408d5d0ef
0.7198223517683833,46,af959ee9-dadd-405a-b577-9bd1db9bc620
0.6467683255923222,14,f08739d0-2b4c-439a-8523-229811056412
0.5943549914586493,42,8a8a5447-9de0-4dc0-ac83-57684ef34aae
0.43076866562520405,9,2ffb9e45-62e9-4e87-b1d0-41fb450608e0
0.4284974450970981,9,6d89342b-7455-42ed-b5c5-3fa823bb7b74
0.6344793626534004,14,9716260e-af40-46ac-9cfd-fcc0f4adba2a
0.5611064497305094,14,8b03a3f6-21f9-494d-ac95-287319f96bea
0.4062077463246781,9,ab6286cc-55e6-4e7b-867c-9ae04b123241
0.3037710418367903,3,0147b432-eb10-48d2-bb83-7c1e11118c22
0.7167260750784145,46,4b6c32b0-8283-498c-88cb-ce5ef9585ad0
0.06523143007876886,5,c0497ebc-98ec-4358-8178-1fac149c317d
0.4069873781222643,14,948c5b7c-f963-4440-a30b-6b470b4550a8
0.1862830988974752,3,9601b88f-38bc-4ceb-bfdf-19a75f1ca743
0.7606930499394532,46,5537c055-f8f7-41d6-a5d2-17e8412c35c0
0.39618290284498325,9,e090fe70-525d-4583-8685-b34bf8723d8c
0.28300357351086863,3,482826a3-9fc8-44c1-b3ba-a803b582247b
0.05914298124980579,2,7cb8b1c5-4e43-4ebf-96d9-24ac781569e3
0.027863401183246973,1,2ea9d2a7-3734-4ceb-a35f-a99408d5d0ef
0.43006916113288046,9,a81293dd-f554-48b9-bece-a96671e88065
0.2910530812726721,3,2e10e716-2821-4bd3-8015-244e2493e9c2
0.05830412335629562,2,197945d8-23ce-4cd0-9791-15af0ad35ac9
0.6857659961231889,46,963aa04a-592b-4612-86a8-8273926f0e05
0.36730241742946557,3,0deba7f8-f1d4-4e57-9967-423eebbbe681
0.5405297795423057,14,85497196-6b20-4114-a3ae-b30c84718fde
0.7672697332793788,46,67963fe7-aba0-42fd-9e60-e273ab37f155
0.412705805412526,9,99e36ef5-9fcc-4eae-a4e9-c8d0f5e23227
0.2404543612736431,3,c2cc5f66-3a85-43bd-a7bb-0cd39696c4f6
0.05934197092439165,2,24077bb0-da03-4b27-b7ad-7725bf0a4ed6
0.08129151997504826,1,d0cf4249-8207-4e09-a044-a593c3851260
0.1705324717133987,0,1194ddf9-6a6e-41f6-a596-012f21d073f6
0.7198223517683833,47,af959ee9-dadd-405a-b577-9bd1db9bc620
0.6467683255923222,15,f08739d0-2b4c-439a-8523-229811056412
0.43076866562520405,10,2ffb9e45-62e9-4e87-b1d0-41fb450608e0
0.4284974450970981,10,6d89342b-7455-42ed-b5c5-3fa823bb7b74
0.6344793626534004,15,9716260e-af40-46ac-9cfd-fcc0f4adba2a
0.4062077463246781,10,ab6286cc-55e6-4e7b-867c-9ae04b123241
0.05914298124980579,3,7cb8b1c5-4e43-4ebf-96d9-24ac781569e3
0.43006916113288046,10,a81293dd-f554-48b9-bece-a96671e88065
0.36730241742946557,4,0deba7f8-f1d4-4e57-9967-423eebbbe681
0.5405297795423057,15,85497196-6b20-4114-a3ae-b30c84718fde
0.412705805412526,10,99e36ef5-9fcc-4eae-a4e9-c8d0f5e23227
0.2404543612736431,4,c2cc5f66-3a85-43bd-a7bb-0cd39696c4f6
0.08129151997504826,2,d0cf4249-8207-4e09-a044-a593c3851260
0.5661771508591245,43,0fc7c63d-3f3c-4df5-ab04-42cbdaa911bb
0.36774324101636485,10,55e97bd7-0156-4dbd-9f6d-81ddae8fb408
0.5232035116065921,15,d2be6f55-1e6d-4fe9-bee3-0c909f571eee
0.39263640979293263,10,bd16bbf9-4f83-449d-a3d0-5ef42f968284
0.38388081686589576,4,5cbdf545-952a-446f-bedd-c509d6e8e996
0.5336458157548465,47,377f486f-86e9-4f06-bf01-9f9709ae4193
0.26491553632097936,4,6188cf3b-c12b-438b-9127-e950fdac3ba4
0.059600039788920096,3,a5f8b6ea-0516-4f55-a2e2-f3541699bfea
0.028065001510973263,2,16112bde-8a15-484d-b46f-7b0a7708e52f
0.1752536699285017,4,d31c6525-15e7-498c-a621-b7e641ce94f1
0.055545061439845014,3,4ef542d7-1cdd-4eab-afcd-3d569c0dba52
0.7295948880510436,47,2e7ca29e-0390-4067-82e7-9f29c31363ed
0.7710405198901473,47,d240576d-8fcc-4ae5-8f13-82ddcda30c1d
0.44511620937539276,10,d9b475d2-bc07-4fe2-bd59-15407f75b03f
0.07865482753329645,2,463e7389-6bdd-471d-9238-88493164e490
0.22236215288118336,1,d3c5d4b4-0d25-4622-a439-b5f21d4e907c
0.16840874727946842,0,8d3f24e5-021b-4f58-a9ac-d37249829961
0.7198223517683833,48,af959ee9-dadd-405a-b577-9bd1db9bc620
0.6467683255923222,16,f08739d0-2b4c-439a-8523-229811056412
0.4284974450970981,11,6d89342b-7455-42ed-b5c5-3fa823bb7b74
0.4062077463246781,11,ab6286cc-55e6-4e7b-867c-9ae04b123241
0.5405297795423057,16,85497196-6b20-4114-a3ae-b30c84718fde
0.5661771508591245,44,0fc7c63d-3f3c-4df5-ab04-42cbdaa911bb
0.38388081686589576,5,5cbdf545-952a-446f-bedd-c509d6e8e996
0.26491553632097936,5,6188cf3b-c12b-438b-9127-e950fdac3ba4
0.1752536699285017,5,d31c6525-15e7-498c-a621-b7e641ce94f1
0.055545061439845014,4,4ef542d7-1cdd-4eab-afcd-3d569c0dba52
0.7295948880510436,48,2e7ca29e-0390-4067-82e7-9f29c31363ed
0.7710405198901473,48,d240576d-8fcc-4ae5-8f13-82ddcda30c1d
0.44511620937539276,11,d9b475d2-bc07-4fe2-bd59-15407f75b03f
0.07865482753329645,3,463e7389-6bdd-471d-9238-88493164e490
0.22236215288118336,2,d3c5d4b4-0d25-4622-a439-b5f21d4e907c
0.16840874727946842,1,8d3f24e5-021b-4f58-a9ac-d37249829961
0.40255567872892084,11,3d4b1280-a1e3-44c3-a0f3-5e1e2b2e6f00
0.054481545206567256,4,0920e578-53ff-45bf-ab70-f2e10a39a3f0
0.4405691450220253,11,b59304ff-4b30-40f6-b978-6da1c53cd592
0.3491595036751144,5,317c58e9-91e0-4ce0-959b-3b6e397ef1ae
0.7039202912807845,16,6a9beec6-2437-43ae-891d-c327a98f399c
0.20164439719618954,11,a2d359fe-1113-4f65-8a32-6db54834b292
0.08049964551058664,3,736748a4-5539-4afb-ab62-6b6a99127403
0.560686993918561,44,0fd7b755-aadf-4717-b194-a3382ed6845e
0.5501956815134383,5,b6caa6a1-71d8-48cf-82c9-62c46f549909
0.5199587739141652,48,b067a59d-41fc-496b-9e55-c04d3a66bbd2
0.7846514215510463,48,97d7c6da-6043-43b3-a02b-134ac98ce60f
0.2018139284733411,2,23055778-bac2-4df0-8cc1-078d68c32ce1
0.20549997163100403,1,59194220-74a3-4710-ace4-31f618b69f37
0.18167875042051015,0,33e46c09-7c34-4502-a85a-59964a16c54f
0.6467683255923222,17,f08739d0-2b4c-439a-8523-229811056412
0.4062077463246781,12,ab6286cc-55e6-4e7b-867c-9ae04b123241
0.5661771508591245,45,0fc7c63d-3f3c-4df5-ab04-42cbdaa911bb
0.38388081686589576,6,5cbdf545-952a-446f-bedd-c509d6e8e996
0.26491553632097936,6,6188cf3b-c12b-438b-9127-e950fdac3ba4
0.055545061439845014,5,4ef542d7-1cdd-4eab-afcd-3d569c0dba52
0.7295948880510436,49,2e7ca29e-0390-4067-82e7-9f29c31363ed
0.7710405198901473,49,d240576d-8fcc-4ae5-8f13-82ddcda30c1d
0.44511620937539276,12,d9b475d2-bc07-4fe2-bd59-15407f75b03f
0.22236215288118336,3,d3c5d4b4-0d25-4622-a439-b5f21d4e907c
0.3491595036751144,6,317c58e9-91e0-4ce0-959b-3b6e397ef1ae
0.7039202912807845,17,6a9beec6-2437-43ae-891d-c327a98f399c
0.08049964551058664,4,736748a4-5539-4afb-ab62-6b6a99127403
0.560686993918561,45,0fd7b755-aadf-4717-b194-a3382ed6845e
0.5501956815134383,6,b6caa6a1-71d8-48cf-82c9-62c46f549909
0.7846514215510463,49,97d7c6da-6043-43b3-a02b-134ac98ce60f
0.2018139284733411,3,23055778-bac2-4df0-8cc1-078d68c32ce1
0.20549997163100403,2,59194220-74a3-4710-ace4-31f618b69f37
0.18167875042051015,1,33e46c09-7c34-4502-a85a-59964a16c54f
0.7839713849284458,49,0aea4dcb-e1f5-40e6-ab1e-b37494adddd7
0.4556328980765677,12,6b1779b8-3147-4cf6-9078-b0d37c9e2e90
0.052979911992116005,3,53673348-128d-427f-bffe-369344a37da3
0.18121594875792718,2,2eee2917-962c-4ba1-a781-f09e48a95cf0
0.4436214535127584,12,5bef52eb-c1d1-46a8-a0a7-244e319b0173
0.5216204605423709,17,02fda5ff-3d1f-4e48-8435-4d1356e9cfef
0.0804792201785562,4,5b935114-bd7f-432c-9c03-037b94172895
0.7596840967693098,49,6a0631aa-fe91-45f0-8d7f-0b3d59c38574
0.15727233608935384,2,c14008f1-61af-4f51-ae2a-8b8af2ac818b
0.1689465813628814,1,fceb9c14-9c9d-4b8a-a0f8-727a6b719f96
0.06286757932577502,0,2de89a47-51be-40d8-a953-191feb41056e
0.6467683255923222,18,f08739d0-2b4c-439a-8523-229811056412
0.5661771508591245,46,0fc7c63d-3f3c-4df5-ab04-42cbdaa911bb
0.7295948880510436,50,2e7ca29e-0390-4067-82e7-9f29c31363ed
0.7710405198901473,50,d240576d-8fcc-4ae5-8f13-82ddcda30c1d
0.44511620937539276,13,d9b475d2-bc07-4fe2-bd59-15407f75b03f
0.22236215288118336,4,d3c5d4b4-0d25-4622-a439-b5f21d4e907c
0.7039202912807845,18,6a9beec6-2437-43ae-891d-c327a98f399c
0.560686993918561,46,0fd7b755-aadf-4717-b194-a3382ed6845e
0.5501956815134383,7,b6caa6a1-71d8-48cf-82c9-62c46f549909
0.7846514215510463,50,97d7c6da-6043-43b3-a02b-134ac98ce60f
0.20549997163100403,3,59194220-74a3-4710-ace4-31f618b69f37
0.18167875042051015,2,33e46c09-7c34-4502-a85a-59964a16c54f
0.7839713849284458,50,0aea4dcb-e1f5-40e6-ab1e-b37494adddd7
0.4556328980765677,13,6b1779b8-3147-4cf6-9078-b0d37c9e2e90
0.18121594875792718,3,2eee2917-962c-4ba1-a781-f09e48a95cf0
0.1689465813628814,2,fceb9c14-9c9d-4b8a-a0f8-727a6b719f96
0.06286757932577502,1,2de89a47-51be-40d8-a953-191feb41056e
0.40446199452830445,7,ef060ad9-61f3-4921-ba67-55f448fcf959
0.6719839424333727,50,e3ef2212-589d-4c91-b740-e635e2a7d1ad
0.7146726425462897,50,fae8cce6-7d8b-4fdc-adc6-37efd2fab24b
0.18538980478734077,4,d88bd2bf-a5eb-4c28-b297-53ae567ac1bd
0.299297995739489,7,cafa3005-747b-44ce-8e2a-af17ec0b81f8
0.2798014322728341,7,e6bbf571-0554-4bc4-ad9b-b6fdd5cea5e8
0.18127205050051434,2,78fb1aad-2d9e-4f6c-8bf8-1f0a58816ab6
0.36809499692239267,13,12984772-4812-431e-ae98-2d8d6ac5a763
0.3877984519550092,13,f3b255f5-1219-4033-9e3d-7fa4e7c5ab9c
0.078806640252448,5,312628ad-bfd6-4dee-823e-e984aa92f396
0.6657581219095711,50,a6dc3412-c8e5-4343-b348-e4ff70663d0b
0.1777825840128351,2,d88e881e-fee3-420f-88e4-59b2dbde6db2
0.1541392059968492,0,68c5bd3d-f3e8-4700-8b7f-d59d12035083
0.6467683255923222,19,f08739d0-2b4c-439a-8523-229811056412
0.7710405198901473,51,d240576d-8fcc-4ae5-8f13-82ddcda30c1d
0.44511620937539276,14,d9b475d2-bc07-4fe2-bd59-15407f75b03f
0.22236215288118336,5,d3c5d4b4-0d25-4622-a439-b5f21d4e907c
0.7039202912807845,19,6a9beec6-2437-43ae-891d-c327a98f399c
0.5501956815134383,8,b6caa6a1-71d8-48cf-82c9-62c46f549909
0.7846514215510463,51,97d7c6da-6043-43b3-a02b-134ac98ce60f
0.20549997163100403,4,59194220-74a3-4710-ace4-31f618b69f37
0.4556328980765677,14,6b1779b8-3147-4cf6-9078-b0d37c9e2e90
0.40446199452830445,8,ef060ad9-61f3-4921-ba67-55f448fcf959
0.7146726425462897,51,fae8cce6-7d8b-4fdc-adc6-37efd2fab24b
0.299297995739489,8,cafa3005-747b-44ce-8e2a-af17ec0b81f8
0.2798014322728341,8,e6bbf571-0554-4bc4-ad9b-b6fdd5cea5e8
0.18127205050051434,3,78fb1aad-2d9e-4f6c-8bf8-1f0a58816ab6
0.36809499692239267,14,12984772-4812-431e-ae98-2d8d6ac5a763
0.3877984519550092,14,f3b255f5-1219-4033-9e3d-7fa4e7c5ab9c
0.1541392059968492,1,68c5bd3d-f3e8-4700-8b7f-d59d12035083
0.7113660735078813,51,661f79a1-25d7-453f-a763-00e3389c210e
0.7075111178024082,51,65f0d27a-55e4-468b-b2f3-34b0ca6394ef
0.5510553560456732,47,bcbdb2b0-52e8-46b0-90af-3ebe61c90041
0.33944837355461466,8,2784413d-4d86-4449-abf9-64dd6d6b143c
0.1733814467279867,3,67b2c4bc-c709-4e81-b0f7-30c3bf7ee072
0.21168981673107812,4,12e55751-e839-48e2-bda2-bf29cc58d022
0.35721660302012587,8,a4cb296f-1573-4843-93f9-33c19d60df46
0.858794118795112,51,df7a439a-0796-4d97-bbb5-43dcae0d9edc
0.35561247626665854,8,e555e9f7-48c2-4e6d-b59f-981dfaee6f30
0.1828748111165568,3,40adce16-703e-4754-b939-97bc6f1a89f9
0.18949488491921435,3,acef18cc-0a07-41a6-b86c-a5c47d5a9dda
0.19793702054124734,1,23e782e9-d308-4ae3-94c4-bc8b1c02e20b
0.08854316355211121,0,ced8c19c-f65c-4853-999a-2ffc31aa377d
0.6467683255923222,20,f08739d0-2b4c-439a-8523-229811056412
0.44511620937539276,15,d9b475d2-bc07-4fe2-bd59-15407f75b03f
0.22236215288118336,6,d3c5d4b4-0d25-4622-a439-b5f21d4e907c
0.5501956815134383,9,b6caa6a1-71d8-48cf-82c9-62c46f549909
0.20549997163100403,5,59194220-74a3-4710-ace4-31f618b69f37
0.40446199452830445,9,ef060ad9-61f3-4921-ba67-55f448fcf959
0.7146726425462897,52,fae8cce6-7d8b-4fdc-adc6-37efd2fab24b
0.299297995739489,9,cafa3005-747b-44ce-8e2a-af17ec0b81f8
0.36809499692239267,15,12984772-4812-431e-ae98-2d8d6ac5a763
0.1541392059968492,2,68c5bd3d-f3e8-4700-8b7f-d59d12035083
0.7113660735078813,52,661f79a1-25d7-453f-a763-00e3389c210e
0.1733814467279867,4,67b2c4bc-c709-4e81-b0f7-30c3bf7ee072
0.21168981673107812,5,12e55751-e839-48e2-bda2-bf29cc58d022
0.35721660302012587,9,a4cb296f-1573-4843-93f9-33c19d60df46
0.858794118795112,52,df7a439a-0796-4d97-bbb5-43dcae0d9edc
0.1828748111165568,4,40adce16-703e-4754-b939-97bc6f1a89f9
0.18949488491921435,4,acef18cc-0a07-41a6-b86c-a5c47d5a9dda
0.19793702054124734,2,23e782e9-d308-4ae3-94c4-bc8b1c02e20b
0.08854316355211121,1,ced8c19c-f65c-4853-999a-2ffc31aa377d
0.7189669566057927,20,f00a0097-acef-48f4-a5fa-5585fc4a8fae
0.21655535981066,6,1648d242-aed8-4173-8237-3fe722de15a0
0.7343704066158315,52,68dd6449-ed9d-43e8-bc98-19e4858040d7
0.32572586265222364,9,8a6841da-481a-42ab-9605-03400dced46a
0.18084004814538232,4,4d9d6691-1ffe-4a45-bc98-241566f3c265
0.5501352752443003,48,693284c2-1f4c-49dc-86ae-7b8fcd741638
0.2646226837737918,9,220f3d66-c1f8-4849-9f79-b445a3a5ca47
0.18336437424677957,4,94ae6c57-a086-4089-957f-3325ee606d98
0.15984336839614233,2,655ce1e6-9704-45a2-a927-ef6ed65159ed
0.08844666823297691,1,18f37181-eeba-47bd-978f-ac0704a80f93
0.10412605649785071,0,2716779e-3ee0-4997-858e-e1a7261c28b7
0.6467683255923222,21,f08739d0-2b4c-439a-8523-229811056412
0.22236215288118336,7,d3c5d4b4-0d25-4622-a439-b5f21d4e907c
0.5501956815134383,10,b6caa6a1-71d8-48cf-82c9-62c46f549909
0.20549997163100403,6,59194220-74a3-4710-ace4-31f618b69f37
0.40446199452830445,10,ef060ad9-61f3-4921-ba67-55f448fcf959
0.21168981673107812,6,12e55751-e839-48e2-bda2-bf29cc58d022
0.35721660302012587,10,a4cb296f-1573-4843-93f9-33c19d60df46
0.858794118795112,53,df7a439a-0796-4d97-bbb5-43dcae0d9edc
0.18949488491921435,5,acef18cc-0a07-41a6-b86c-a5c47d5a9dda
0.19793702054124734,3,23e782e9-d308-4ae3-94c4-bc8b1c02e20b
0.08854316355211121,2,ced8c19c-f65c-4853-999a-2ffc31aa377d
0.7189669566057927,21,f00a0097-acef-48f4-a5fa-5585fc4a8fae
0.21655535981066,7,1648d242-aed8-4173-8237-3fe722de15a0
0.7343704066158315,53,68dd6449-ed9d-43e8-bc98-19e4858040d7
0.32572586265222364,10,8a6841da-481a-42ab-9605-03400dced46a
0.15984336839614233,3,655ce1e6-9704-45a2-a927-ef6ed65159ed
0.08844666823297691,2,18f37181-eeba-47bd-978f-ac0704a80f93
0.10412605649785071,1,2716779e-3ee0-4997-858e-e1a7261c28b7
0.25820375895465375,7,773e583c-b7a0-4e8e-8971-26a066e6052f
0.7195016653823486,53,a459d74a-ef57-4e7f-a48a-ac8622238c2f
0.3280619920781319,10,97810de1-146e-4b2f-9e79-57c42f6920db
0.19006395250177013,5,51141182-17ad-49ec-a05c-5bd1f0692eb0
0.19392319957459844,3,6b6768b0-9f1e-43b9-8123-c31eb14070e7
0.08782479838410662,2,0daa4a4c-a21a-4f53-afa7-68e3a535b6f3
0.571228055260687,21,be6e273d-54b0-4c85-b67b-24328cdd3910
0.14772179709874259,10,295166ec-a5f3-421e-8719-413c8eddf230
0.18771969083278658,3,230f805e-d545-4e75-8009-837f38311cc0
0.08628746194321285,2,d34b136b-584c-4d6a-83f8-a6bff0c57ac8
0.10613325761321343,1,b760f26a-1d23-4b6d-a8f8-8fd2d60c8893
0.1202312418007041,0,0121b3bc-c144-4991-815b-a2a18e790417
0.22236215288118336,8,d3c5d4b4-0d25-4622-a439-b5f21d4e907c
0.5501956815134383,11,b6caa6a1-71d8-48cf-82c9-62c46f549909
0.20549997163100403,7,59194220-74a3-4710-ace4-31f618b69f37
0.21168981673107812,7,12e55751-e839-48e2-bda2-bf29cc58d022
0.858794118795112,54,df7a439a-0796-4d97-bbb5-43dcae0d9edc
0.19793702054124734,4,23e782e9-d308-4ae3-94c4-bc8b1c02e20b
0.7189669566057927,22,f00a0097-acef-48f4-a5fa-5585fc4a8fae
0.21655535981066,8,1648d242-aed8-4173-8237-3fe722de15a0
0.7343704066158315,54,68dd6449-ed9d-43e8-bc98-19e4858040d7
0.15984336839614233,4,655ce1e6-9704-45a2-a927-ef6ed65159ed
0.08844666823297691,3,18f37181-eeba-47bd-978f-ac0704a80f93
0.10412605649785071,2,2716779e-3ee0-4997-858e-e1a7261c28b7
0.25820375895465375,8,773e583c-b7a0-4e8e-8971-26a066e6052f
0.7195016653823486,54,a459d74a-ef57-4e7f-a48a-ac8622238c2f
0.3280619920781319,11,97810de1-146e-4b2f-9e79-57c42f6920db
0.19392319957459844,4,6b6768b0-9f1e-43b9-8123-c31eb14070e7
0.571228055260687,22,be6e273d-54b0-4c85-b67b-24328cdd3910
0.18771969083278658,4,230f805e-d545-4e75-8009-837f38311cc0
0.10613325761321343,2,b760f26a-1d23-4b6d-a8f8-8fd2d60c8893
0.6257849915342735,22,1825ff94-f040-472c-bce7-f2daddee557c
0.21671977315054491,8,9237097c-53d8-4cc8-8c14-4b6c6735269e
0.37144283982622966,11,46029255-909b-48c5-a70f-f03fb73f3353
0.8477115434334229,54,dbd6ce19-fcaf-47dd-9dab-bc9646c934be
0.1792524011001023,6,21aa2715-6762-4a71-8652-82d82a0371f0
0.7288971754144955,54,1d157ec0-5332-4599-b808-45ca4d368c07
0.4467228090563664,11,060c4dc4-b6a1-4416-8136-990dcd7abde6
0.19945344612808,6,6578071b-6a66-46b2-a5ae-bb18c62f4f20
0.1579437535119262,4,a7b79eac-dfba-41bd-9c63-2a54fa2171a3
0.12021979647324547,1,838b0bfd-1bd5-48e2-8629-8816d98ad78b
0.16753491118254274,0,88b43ec7-de34-4e83-bfc6-577bbff4e8a9
0.5501956815134383,12,b6caa6a1-71d8-48cf-82c9-62c46f549909
0.20549997163100403,8,59194220-74a3-4710-ace4-31f618b69f37
0.21168981673107812,8,12e55751-e839-48e2-bda2-bf29cc58d022
0.858794118795112,55,df7a439a-0796-4d97-bbb5-43dcae0d9edc
0.19793702054124734,5,23e782e9-d308-4ae3-94c4-bc8b1c02e20b
0.7189669566057927,23,f00a0097-acef-48f4-a5fa-5585fc4a8fae
0.21655535981066,9,1648d242-aed8-4173-8237-3fe722de15a0
0.10412605649785071,3,2716779e-3ee0-4997-858e-e1a7261c28b7
0.25820375895465375,9,773e583c-b7a0-4e8e-8971-26a066e6052f
0.7195016653823486,55,a459d74a-ef57-4e7f-a48a-ac8622238c2f
0.3280619920781319,12,97810de1-146e-4b2f-9e79-57c42f6920db
0.19392319957459844,5,6b6768b0-9f1e-43b9-8123-c31eb14070e7
0.571228055260687,23,be6e273d-54b0-4c85-b67b-24328cdd3910
0.10613325761321343,3,b760f26a-1d23-4b6d-a8f8-8fd2d60c8893
0.6257849915342735,23,1825ff94-f040-472c-bce7-f2daddee557c
0.21671977315054491,9,9237097c-53d8-4cc8-8c14-4b6c6735269e
0.37144283982622966,12,46029255-909b-48c5-a70f-f03fb73f3353
0.8477115434334229,55,dbd6ce19-fcaf-47dd-9dab-bc9646c934be
0.7288971754144955,55,1d157ec0-5332-4599-b808-45ca4d368c07
0.4467228090563664,12,060c4dc4-b6a1-4416-8136-990dcd7abde6
0.19945344612808,7,6578071b-6a66-46b2-a5ae-bb18c62f4f20
0.1579437535119262,5,a7b79eac-dfba-41bd-9c63-2a54fa2171a3
0.17511641783833443,9,04136941-0599-4fa3-95f5-ed791d61d6b2
0.8650897283412279,55,b4097886-1c14-473d-9b97-e0120b4257de
0.240242895177923,9,69ddd431-d8d8-4e9b-b83c-8982f553b2b3
0.12718633450479697,5,1ff921b8-3b85-4ed1-84c1-9dd892698d11
0.20133444393691177,7,23916754-e900-4bb3-9d0d-1aa1208d3d51
0.12002818276962782,2,bb942cc8-083a-4bfd-991d-c18db7c7bba8
0.1868515032943298,1,47ceae60-b3a4-4f7e-9a5a-c95c7aa23c24
0.20248443542843375,0,21151a53-06fc-4f96-a023-5fce7d237024
0.5501956815134383,13,b6caa6a1-71d8-48cf-82c9-62c46f549909
0.21168981673107812,9,12e55751-e839-48e2-bda2-bf29cc58d022
0.858794118795112,56,df7a439a-0796-4d97-bbb5-43dcae0d9edc
0.7189669566057927,24,f00a0097-acef-48f4-a5fa-5585fc4a8fae
0.25820375895465375,10,773e583c-b7a0-4e8e-8971-26a066e6052f
0.19392319957459844,6,6b6768b0-9f1e-43b9-8123-c31eb14070e7
0.571228055260687,24,be6e273d-54b0-4c85-b67b-24328cdd3910
0.10613325761321343,4,b760f26a-1d23-4b6d-a8f8-8fd2d60c8893
0.6257849915342735,24,1825ff94-f040-472c-bce7-f2daddee557c
0.21671977315054491,10,9237097c-53d8-4cc8-8c14-4b6c6735269e
0.8477115434334229,56,dbd6ce19-fcaf-47dd-9dab-bc9646c934be
0.7288971754144955,56,1d157ec0-5332-4599-b808-45ca4d368c07
0.8650897283412279,56,b4097886-1c14-473d-9b97-e0120b4257de
0.240242895177923,10,69ddd431-d8d8-4e9b-b83c-8982f553b2b3
0.12718633450479697,6,1ff921b8-3b85-4ed1-84c1-9dd892698d11
0.20133444393691177,8,23916754-e900-4bb3-9d0d-1aa1208d3d51
0.1868515032943298,2,47ceae60-b3a4-4f7e-9a5a-c95c7aa23c24
0.20248443542843375,1,21151a53-06fc-4f96-a023-5fce7d237024
0.16914123541511705,6,80e3772e-a97a-4601-8160-3c4952a36ad0
0.7495348999344944,24,864dc272-be61-4ef6-995a-0d1b1fed0303
0.7766284864910058,56,f8141b2b-7067-4975-882f-04a5808ed974
0.14152782470920358,6,8f3efae6-8fc8-46d6-aeb9-1b27ea9b7c2b
0.3766023838044944,24,aa4fb113-9342-4e05-9833-37abf82278ce
0.8589517312475341,56,8cbb8ade-3d93-406f-9552-5be09991a5e8
0.22342482602922997,10,d049150f-51b7-44b0-b60f-2998d8e3f9eb
0.12809076355312202,6,c9e30d2c-1063-4411-ab01-e06256686c6f
0.20617611727194762,8,b44863cb-d70f-49ad-a57f-42d75cd4986d
0.11959542146056787,2,6d515d91-3adf-4563-b89c-011282eb61b7
0.2023984070751003,1,2624dab7-c83b-4496-9e67-db278d404fea
0.04569512820640283,0,43e19861-8277-460a-a474-af4c9e1a0295
0.5501956815134383,14,b6caa6a1-71d8-48cf-82c9-62c46f549909
0.21168981673107812,10,12e55751-e839-48e2-bda2-bf29cc58d022
0.858794118795112,57,df7a439a-0796-4d97-bbb5-43dcae0d9edc
0.7189669566057927,25,f00a0097-acef-48f4-a5fa-5585fc4a8fae
0.25820375895465375,11,773e583c-b7a0-4e8e-8971-26a066e6052f
0.19392319957459844,7,6b6768b0-9f1e-43b9-8123-c31eb14070e7
0.571228055260687,25,be6e273d-54b0-4c85-b67b-24328cdd3910
0.6257849915342735,25,1825ff94-f040-472c-bce7-f2daddee557c
0.8650897283412279,57,b4097886-1c14-473d-9b97-e0120b4257de
0.240242895177923,11,69ddd431-d8d8-4e9b-b83c-8982f553b2b3
0.20248443542843375,2,21151a53-06fc-4f96-a023-5fce7d237024
0.16914123541511705,7,80e3772e-a97a-4601-8160-3c4952a36ad0
0.7495348999344944,25,864dc272-be61-4ef6-995a-0d1b1fed0303
0.3766023838044944,25,aa4fb113-9342-4e05-9833-37abf82278ce
0.8589517312475341,57,8cbb8ade-3d93-406f-9552-5be09991a5e8
0.22342482602922997,11,d049150f-51b7-44b0-b60f-2998d8e3f9eb
0.12809076355312202,7,c9e30d2c-1063-4411-ab01-e06256686c6f
0.04569512820640283,1,43e19861-8277-460a-a474-af4c9e1a0295
0.40605774336895967,14,9fae187f-d022-47cd-95a9-70f8eff38fb5
0.7372328003046528,25,8051cf04-446f-489b-8cae-353dc202e814
0.2319029369411961,7,31b3d621-b733-4af1-a71f-901723f53925
0.2009946289884169,9,6451658c-a288-4262-9c5d-4d1b3473e33d
0.7096641840885048,57,b0bddc85-2305-4ca9-9a18-8010d8194d79
0.20617499850969684,7,7bdc1035-bb2f-4e26-b633-9c885926da13
0.7984173511883266,57,1b1ada6c-0981-47a2-88ad-4b71c43d583c
0.20500143486398684,9,61ac0a7d-0994-4e2d-8174-f925f83553c4
0.12706919398946653,3,d79a0d35-3f18-4fc3-9f52-32bc68c52c14
0.21076417997678767,2,1804c257-7022-4e67-9f2b-6538432e72cc
0.014350489097801886,1,2bdf56bc-15b4-4c27-a83f-4a11faa1e4c0
0.07037339248810891,0,7bb11e55-2ed2-445a-b458-73c4455b39a2
0.5501956815134383,15,b6caa6a1-71d8-48cf-82c9-62c46f549909
0.21168981673107812,11,12e55751-e839-48e2-bda2-bf29cc58d022
0.858794118795112,58,df7a439a-0796-4d97-bbb5-43dcae0d9edc
0.7189669566057927,26,f00a0097-acef-48f4-a5fa-5585fc4a8fae
0.25820375895465375,12,773e583c-b7a0-4e8e-8971-26a066e6052f
0.8650897283412279,58,b4097886-1c14-473d-9b97-e0120b4257de
0.240242895177923,12,69ddd431-d8d8-4e9b-b83c-8982f553b2b3
0.7495348999344944,26,864dc272-be61-4ef6-995a-0d1b1fed0303
0.3766023838044944,26,aa4fb113-9342-4e05-9833-37abf82278ce
0.8589517312475341,58,8cbb8ade-3d93-406f-9552-5be09991a5e8
0.22342482602922997,12,d049150f-51b7-44b0-b60f-2998d8e3f9eb
0.04569512820640283,2,43e19861-8277-460a-a474-af4c9e1a0295
0.40605774336895967,15,9fae187f-d022-47cd-95a9-70f8eff38fb5
0.7372328003046528,26,8051cf04-446f-489b-8cae-353dc202e814
0.2319029369411961,8,31b3d621-b733-4af1-a71f-901723f53925
0.2009946289884169,10,6451658c-a288-4262-9c5d-4d1b3473e33d
0.20617499850969684,8,7bdc1035-bb2f-4e26-b633-9c885926da13
0.12706919398946653,4,d79a0d35-3f18-4fc3-9f52-32bc68c52c14
0.21076417997678767,3,1804c257-7022-4e67-9f2b-6538432e72cc
0.07037339248810891,1,7bb11e55-2ed2-445a-b458-73c4455b39a2
0.36446160482982387,15,8de4fc80-29fb-4bf3-9015-9c8c8748903f
0.24819179476457118,26,7f72de86-ebce-46c4-9fd2-cbfb97642e73
0.04822200639188378,2,df86b8a9-4e54-4aec-b934-3e96cb479e1e
0.30798451782778297,15,84cb1a51-dce8-4576-ba3c-8f901b9dfcb8
0.16767206823909908,8,438b7d53-56b0-4632-8eae-d910ed8768c6
0.200928934037324,10,966dc3bf-13a3-49c8-bb36-19a1c2ad9665
0.20344470336530618,10,8dac7ce1-ab8b-46f2-a6da-b25a5eb11b77
0.1986125877861269,3,cdf210c0-9507-4396-a479-44c571f3e83c
0.1726417883986268,1,f66d603d-749d-4295-97e0-b1d4621c787f
0.09147806064298009,0,b6d59097-c742-481d-a424-c71b44460100
0.5501956815134383,16,b6caa6a1-71d8-48cf-82c9-62c46f549909
0.21168981673107812,12,12e55751-e839-48e2-bda2-bf29cc58d022
0.858794118795112,59,df7a439a-0796-4d97-bbb5-43dcae0d9edc
0.7189669566057927,27,f00a0097-acef-48f4-a5fa-5585fc4a8fae
0.25820375895465375,13,773e583c-b7a0-4e8e-8971-26a066e6052f
0.8650897283412279,59,b4097886-1c14-473d-9b97-e0120b4257de
0.7495348999344944,27,864dc272-be61-4ef6-995a-0d1b1fed0303
0.40605774336895967,16,9fae187f-d022-47cd-95a9-70f8eff38fb5
0.7372328003046528,27,8051cf04-446f-489b-8cae-353dc202e814
0.2319029369411961,9,31b3d621-b733-4af1-a71f-901723f53925
0.20617499850969684,9,7bdc1035-bb2f-4e26-b633-9c885926da13
0.21076417997678767,4,1804c257-7022-4e67-9f2b-6538432e72cc
0.36446160482982387,16,8de4fc80-29fb-4bf3-9015-9c8c8748903f
0.200928934037324,11,966dc3bf-13a3-49c8-bb36-19a1c2ad9665
0.1986125877861269,4,cdf210c0-9507-4396-a479-44c571f3e83c
0.09147806064298009,1,b6d59097-c742-481d-a424-c71b44460100
0.4883122038653057,16,b1f21741-94a7-4c25-8d5b-08f4441de871
0.23476774917619436,13,117e47fc-a918-46b1-86fc-8ba7f2e403df
0.5897390387246756,27,0bef51d2-6e1a-4ad8-93fb-639c0d6db1fd
0.04738616989709987,3,85d4d240-72f4-45b2-97f2-419322cabc1e
0.5582229206310655,16,49a36190-a9a2-4b28-9df0-93bef1f736c6
0.2004848351885954,11,4fd18639-8415-43a4-a230-644e92493c1e
0.17206942607137016,9,d4ae92c1-b02c-4c77-bba2-b5eb89ccba9c
0.20008420502161478,4,386d1a3b-4ec2-441c-b115-ef63824a4009
0.17581955567588514,2,7b319344-d92a-47d0-8772-be24edc030cd
0.04822316065986042,3,fb0f1243-6972-4484-bd71-00f667bae3b1
0.2576495852010931,16,7bcd0132-310d-4c7e-888f-0bdba156e7aa
0.17264388963147745,2,60762cad-1bbf-4a6f-8432-7e4335bc6bc2
0.08409848015747999,1,6e0e2b31-7c9a-494f-af9c-c467264dedf9
0.0390248681203009,0,d3d8217c-2473-4eb6-b0cb-e91664581ac4
0.5501956815134383,17,b6caa6a1-71d8-48cf-82c9-62c46f549909
0.858794118795112,60,df7a439a-0796-4d97-bbb5-43dcae0d9edc
0.7189669566057927,28,f00a0097-acef-48f4-a5fa-5585fc4a8fae
0.25820375895465375,14,773e583c-b7a0-4e8e-8971-26a066e6052f
0.8650897283412279,60,b4097886-1c14-473d-9b97-e0120b4257de
0.7495348999344944,28,864dc272-be61-4ef6-995a-0d1b1fed0303
0.7372328003046528,28,8051cf04-446f-489b-8cae-353dc202e814
0.2319029369411961,10,31b3d621-b733-4af1-a71f-901723f53925
0.21076417997678767,5,1804c257-7022-4e67-9f2b-6538432e72cc
0.36446160482982387,17,8de4fc80-29fb-4bf3-9015-9c8c8748903f
0.1986125877861269,5,cdf210c0-9507-4396-a479-44c571f3e83c
0.09147806064298009,2,b6d59097-c742-481d-a424-c71b44460100
0.5582229206310655,17,49a36190-a9a2-4b28-9df0-93bef1f736c6
0.2004848351885954,12,4fd18639-8415-43a4-a230-644e92493c1e
0.20008420502161478,5,386d1a3b-4ec2-441c-b115-ef63824a4009
0.17581955567588514,3,7b319344-d92a-47d0-8772-be24edc030cd
0.17264388963147745,3,60762cad-1bbf-4a6f-8432-7e4335bc6bc2
0.08409848015747999,2,6e0e2b31-7c9a-494f-af9c-c467264dedf9
0.17642939345955083,13,d33a5912-ffb7-4be1-a543-55a09dfa21f7
0.20919461113465837,14,474e786d-912c-49df-b29f-5fe5bd7c6e73
0.7694351327181247,60,1256f3ef-b1f9-4dc5-acf1-8379c72500eb
0.3701353708051001,17,3e8f39ed-ff74-4e05-bbb0-c3c6eb4c9d73
0.19778799040992928,5,d72bf8aa-3a59-4bbf-880e-1467d8a46499
0.09317222708497928,2,37286f77-04da-4fe6-9cf5-1007c216d0ad
0.16991044842060513,3,c22f1665-fec7-464c-bbcd-c0cf0ec88152
0.03809241633801734,4,5ef0ffd6-7acd-43ab-bb9e-4925af77b607
0.45523912432169983,17,6dd85a9f-568b-4aca-a2a4-6f407faa05a3
0.0917782732049547,2,9a574fe3-2eae-4bcd-a2c2-33cbd4d8b0bd
0.07101210542429726,1,efe678fe-fc33-4e8a-bdf7-20302ede43a1
0.06586858737177144,0,b7be5b13-4e94-4ba3-8f71-e9ad4c8a95f3
0.5501956815134383,18,b6caa6a1-71d8-48cf-82c9-62c46f549909
0.7189669566057927,29,f00a0097-acef-48f4-a5fa-5585fc4a8fae
0.25820375895465375,15,773e583c-b7a0-4e8e-8971-26a066e6052f
0.8650897283412279,61,b4097886-1c14-473d-9b97-e0120b4257de
0.7495348999344944,29,864dc272-be61-4ef6-995a-0d1b1fed0303
0.2319029369411961,11,31b3d621-b733-4af1-a71f-901723f53925
0.21076417997678767,6,1804c257-7022-4e67-9f2b-6538432e72cc
0.5582229206310655,18,49a36190-a9a2-4b28-9df0-93bef1f736c6
0.20008420502161478,6,386d1a3b-4ec2-441c-b115-ef63824a4009
0.17581955567588514,4,7b319344-d92a-47d0-8772-be24edc030cd
0.3701353708051001,18,3e8f39ed-ff74-4e05-bbb0-c3c6eb4c9d73
0.19778799040992928,6,d72bf8aa-3a59-4bbf-880e-1467d8a46499
0.09317222708497928,3,37286f77-04da-4fe6-9cf5-1007c216d0ad
0.16991044842060513,4,c22f1665-fec7-464c-bbcd-c0cf0ec88152
0.45523912432169983,18,6dd85a9f-568b-4aca-a2a4-6f407faa05a3
0.0917782732049547,3,9a574fe3-2eae-4bcd-a2c2-33cbd4d8b0bd
0.06586858737177144,1,b7be5b13-4e94-4ba3-8f71-e9ad4c8a95f3
0.773477502316384,61,9c669f11-f8ab-4154-9f8a-0e73e84f7e10
0.8439282401270637,61,f11a7f34-ab88-4f30-9e3d-f7200be17c0c
0.7702171581911733,29,feddce5f-821b-4ff2-8927-ac8da0a25321
0.2136799804523367,6,ae94d4b5-9ede-4881-a5bb-3498af0c6dcb
0.7452248117694145,18,d365617b-6694-4ec2-8091-7e3846b3a309
0.1016189120354792,4,2ea9c102-96fc-418e-8874-60d9a5325af9
0.2637366511673408,15,acc18ca2-d20d-46ba-9159-e9c7c063b520
0.19425849641147427,6,0cd6cd7c-d32d-4622-b364-fcb125c6e232
0.07970042098708388,3,7c2a44c5-e2b9-4b71-a51a-51813a5af931
0.4260377533530053,18,e350d26f-6c89-46fb-89f9-a427ed31cd88
0.08717281024953119,3,1b02d459-cebf-4477-b850-82098823ce52
0.07103551657652403,2,e85a9128-bea0-4915-acb6-21b10aae1bbd
0.26912107831829046,0,c8337752-f396-43e7-a875-44149f39be09
0.5501956815134383,19,b6caa6a1-71d8-48cf-82c9-62c46f549909
0.8650897283412279,62,b4097886-1c14-473d-9b97-e0120b4257de
0.7495348999344944,30,864dc272-be61-4ef6-995a-0d1b1fed0303
0.2319029369411961,12,31b3d621-b733-4af1-a71f-901723f53925
0.5582229206310655,19,49a36190-a9a2-4b28-9df0-93bef1f736c6
0.17581955567588514,5,7b319344-d92a-47d0-8772-be24edc030cd
0.16991044842060513,5,c22f1665-fec7-464c-bbcd-c0cf0ec88152
0.45523912432169983,19,6dd85a9f-568b-4aca-a2a4-6f407faa05a3
0.8439282401270637,62,f11a7f34-ab88-4f30-9e3d-f7200be17c0c
0.7702171581911733,30,feddce5f-821b-4ff2-8927-ac8da0a25321
0.2136799804523367,7,ae94d4b5-9ede-4881-a5bb-3498af0c6dcb
0.7452248117694145,19,d365617b-6694-4ec2-8091-7e3846b3a309
0.1016189120354792,5,2ea9c102-96fc-418e-8874-60d9a5325af9
0.2637366511673408,16,acc18ca2-d20d-46ba-9159-e9c7c063b520
0.4260377533530053,19,e350d26f-6c89-46fb-89f9-a427ed31cd88
0.07103551657652403,3,e85a9128-bea0-4915-acb6-21b10aae1bbd
0.26912107831829046,1,c8337752-f396-43e7-a875-44149f39be09
0.20517340233248804,16,f8894c7b-08ae-4261-973c-fbd2f4ec0676
0.20375902960183928,7,a2a8e939-7d4b-4cf6-81e2-b40d967bc557
0.19865659483351847,19,3b493713-5509-4b26-b119-ca1db7741300
0.18816563779313122,7,01d6a85c-85f5-414b-b681-1f8a116d7201
0.22363143851658815,7,eafe3bde-52d7-49d9-a146-ef5f96b4832c
0.013186836020679243,4,a89a344b-7a15-4fd2-bd84-e20abd53e05d
0.06744695745582732,2,13e50056-fb10-4f3f-9f7e-ca83cd5d28e4
0.7852045167157244,62,98e2355e-4c59-493e-af66-87e9823dde9a
0.2764459956130134,7,22c0ec18-c47a-4952-9b3b-b9be89b385a6
0.07970042098708388,4,67e4c7ed-9ca9-408c-a632-b38e6021ad7f
0.4035974606701086,19,604b4498-8b61-4b84-aa0c-e75f92e1099c
0.24683727203960276,1,b7376b4f-6336-41de-a255-a09fe21a9f3e
0.100488702837319,0,da07db0a-91a6-4e5f-9904-48a90d0e6450
0.5501956815134383,20,b6caa6a1-71d8-48cf-82c9-62c46f549909
0.8650897283412279,63,b4097886-1c14-473d-9b97-e0120b4257de
0.7495348999344944,31,864dc272-be61-4ef6-995a-0d1b1fed0303
0.2319029369411961,13,31b3d621-b733-4af1-a71f-901723f53925
0.5582229206310655,20,49a36190-a9a2-4b28-9df0-93bef1f736c6
0.17581955567588514,6,7b319344-d92a-47d0-8772-be24edc030cd
0.45523912432169983,20,6dd85a9f-568b-4aca-a2a4-6f407faa05a3
0.8439282401270637,63,f11a7f34-ab88-4f30-9e3d-f7200be17c0c
0.7702171581911733,31,feddce5f-821b-4ff2-8927-ac8da0a25321
0.7452248117694145,20,d365617b-6694-4ec2-8091-7e3846b3a309
0.4260377533530053,20,e350d26f-6c89-46fb-89f9-a427ed31cd88
0.26912107831829046,2,c8337752-f396-43e7-a875-44149f39be09
0.20375902960183928,8,a2a8e939-7d4b-4cf6-81e2-b40d967bc557
0.22363143851658815,8,eafe3bde-52d7-49d9-a146-ef5f96b4832c
0.013186836020679243,5,a89a344b-7a15-4fd2-bd84-e20abd53e05d
0.06744695745582732,3,13e50056-fb10-4f3f-9f7e-ca83cd5d28e4
0.7852045167157244,63,98e2355e-4c59-493e-af66-87e9823dde9a
0.2764459956130134,8,22c0ec18-c47a-4952-9b3b-b9be89b385a6
0.07970042098708388,5,67e4c7ed-9ca9-408c-a632-b38e6021ad7f
0.100488702837319,1,da07db0a-91a6-4e5f-9904-48a90d0e6450
0.43955253189291066,20,43a1756c-8a0c-4b3c-b68e-1015a3a089fe
0.8554324155090512,63,acd1c867-072f-4d1e-9ecf-23fa0a532ce5
0.25224278301634423,17,215ee557-8a25-4716-8f09-0b83fc929643
0.3738677369621774,20,9339d5a0-f5d8-413e-8279-42fd54afc915
0.07999180738198348,4,2117f821-9209-4ce1-80a1-a5fd1c578b16
0.06042113024333901,3,e9ac4371-ef25-47b1-9f92-1560f32264ba
0.7852506944074036,63,b5248967-ee33-48e3-8c22-0d3302b96956
0.07686179150975418,5,c0a8d34a-2078-40c4-a461-de475745fa62
0.16179574265617913,1,42ea0d66-622e-4f8a-99c6-44a49af631ff
0.06237145283909297,0,91191d34-5dae-4ad6-92e9-dcf7a88e4e82
0.5501956815134383,21,b6caa6a1-71d8-48cf-82c9-62c46f549909
0.8650897283412279,64,b4097886-1c14-473d-9b97-e0120b4257de
0.7495348999344944,32,864dc272-be61-4ef6-995a-0d1b1fed0303
0.5582229206310655,21,49a36190-a9a2-4b28-9df0-93bef1f736c6
0.17581955567588514,7,7b319344-d92a-47d0-8772-be24edc030cd
0.7702171581911733,32,feddce5f-821b-4ff2-8927-ac8da0a25321
0.7452248117694145,21,d365617b-6694-4ec2-8091-7e3846b3a309
0.26912107831829046,3,c8337752-f396-43e7-a875-44149f39be09
0.22363143851658815,9,eafe3bde-52d7-49d9-a146-ef5f96b4832c
0.7852045167157244,64,98e2355e-4c59-493e-af66-87e9823dde9a
0.2764459956130134,9,22c0ec18-c47a-4952-9b3b-b9be89b385a6
0.100488702837319,2,da07db0a-91a6-4e5f-9904-48a90d0e6450
0.43955253189291066,21,43a1756c-8a0c-4b3c-b68e-1015a3a089fe
0.8554324155090512,64,acd1c867-072f-4d1e-9ecf-23fa0a532ce5
0.25224278301634423,18,215ee557-8a25-4716-8f09-0b83fc929643
0.3738677369621774,21,9339d5a0-f5d8-413e-8279-42fd54afc915
0.07999180738198348,5,2117f821-9209-4ce1-80a1-a5fd1c578b16
0.16179574265617913,2,42ea0d66-622e-4f8a-99c6-44a49af631ff
0.06237145283909297,1,91191d34-5dae-4ad6-92e9-dcf7a88e4e82
0.17681286952207373,7,ed4ff840-aade-45c8-b6ba-c035902f7fb4
0.47865604227942826,64,0c382777-e82a-493d-8c2c-388df6c861bf
0.24994004058577557,3,763a2924-af49-4e16-9557-d99c80c594d8
0.22132469905879013,9,c2b3842b-bf21-42b3-b560-80e0202c76b1
0.06486676112514334,2,aa60918f-675a-46a7-aff8-11551ae2bd26
0.3315157419524196,21,0b8f5d21-f480-4909-b826-45fe51a3c26c
0.4313145556001009,21,b977d8e9-5998-4e8a-9895-bc7bdd616efa
0.08879092487905242,5,40142ae1-19ec-431f-926e-7e2100ad42ea
0.16452528446753012,2,b760a99f-0cc5-4245-9ec3-49cb58cc6d6c
0.062364212296773115,1,e6bdb54c-d6b5-4e8b-9574-5e3c77a56161
0.15606728020419497,0,eab8a7d5-bdbd-4538-9c8c-63283aec1c3c
0.5501956815134383,22,b6caa6a1-71d8-48cf-82c9-62c46f549909
0.8650897283412279,65,b4097886-1c14-473d-9b97-e0120b4257de
0.7702171581911733,33,feddce5f-821b-4ff2-8927-ac8da0a25321
0.7452248117694145,22,d365617b-6694-4ec2-8091-7e3846b3a309
0.26912107831829046,4,c8337752-f396-43e7-a875-44149f39be09
0.7852045167157244,65,98e2355e-4c59-493e-af66-87e9823dde9a
0.2764459956130134,10,22c0ec18-c47a-4952-9b3b-b9be89b385a6
0.43955253189291066,22,43a1756c-8a0c-4b3c-b68e-1015a3a089fe
0.8554324155090512,65,acd1c867-072f-4d1e-9ecf-23fa0a532ce5
0.25224278301634423,19,215ee557-8a25-4716-8f09-0b83fc929643
0.3738677369621774,22,9339d5a0-f5d8-413e-8279-42fd54afc915
0.06237145283909297,2,91191d34-5dae-4ad6-92e9-dcf7a88e4e82
0.24994004058577557,4,763a2924-af49-4e16-9557-d99c80c594d8
0.06486676112514334,3,aa60918f-675a-46a7-aff8-11551ae2bd26
0.16452528446753012,3,b760a99f-0cc5-4245-9ec3-49cb58cc6d6c
0.15606728020419497,1,eab8a7d5-bdbd-4538-9c8c-63283aec1c3c
0.6066659548354055,65,e6d64a08-afa1-4272-a456-1f0dcdc91623
0.6566521218088329,33,88ecbe1b-83db-4b87-8836-4847def1148c
0.4392963699251783,22,c742d920-cf20-4321-9e4a-92c02183090e
0.2535603719690525,4,11109483-82bb-4b7a-9935-004894fc7cf2
0.25820001540935533,10,9ca0f90e-199e-4a4f-bace-f92bb7d41fbd
0.8085079434480587,65,fafd8b04-2c0a-4624-bf6b-e8d7947ad1ba
0.1947297169018069,3,2ed69fb2-13ea-4513-8237-6afb3f474e8d
0.03868206553255782,2,db83da4d-ae62-43dd-a43f-9bc3e875e7c6
0.3396207262767485,4,d7d756b7-bf56-4f16-8c36-102501bf9b0b
0.21559993211639394,10,6983e00d-c847-40e4-9b87-2b2fb779f90b
0.0972245793972153,3,36965160-14db-4767-80e9-bfc441871576
0.11560880809960666,2,802701ac-9367-41e2-9c72-25dfd0fef621
0.09859211617469066,1,4ab9364a-01d1-4b3e-b9ab-4e50a9912df6
0.05577668059698531,0,0519d539-ba7e-4265-b789-e9af3973f763
0.5501956815134383,23,b6caa6a1-71d8-48cf-82c9-62c46f549909
0.8650897283412279,66,b4097886-1c14-473d-9b97-e0120b4257de
0.7702171581911733,34,feddce5f-821b-4ff2-8927-ac8da0a25321
0.7452248117694145,23,d365617b-6694-4ec2-8091-7e3846b3a309
0.26912107831829046,5,c8337752-f396-43e7-a875-44149f39be09
0.2764459956130134,11,22c0ec18-c47a-4952-9b3b-b9be89b385a6
0.43955253189291066,23,43a1756c-8a0c-4b3c-b68e-1015a3a089fe
0.8554324155090512,66,acd1c867-072f-4d1e-9ecf-23fa0a532ce5
0.25224278301634423,20,215ee557-8a25-4716-8f09-0b83fc929643
0.16452528446753012,4,b760a99f-0cc5-4245-9ec3-49cb58cc6d6c
0.15606728020419497,2,eab8a7d5-bdbd-4538-9c8c-63283aec1c3c
0.6066659548354055,66,e6d64a08-afa1-4272-a456-1f0dcdc91623
0.6566521218088329,34,88ecbe1b-83db-4b87-8836-4847def1148c
0.4392963699251783,23,c742d920-cf20-4321-9e4a-92c02183090e
0.2535603719690525,5,11109483-82bb-4b7a-9935-004894fc7cf2
0.1947297169018069,4,2ed69fb2-13ea-4513-8237-6afb3f474e8d
0.3396207262767485,5,d7d756b7-bf56-4f16-8c36-102501bf9b0b
0.11560880809960666,3,802701ac-9367-41e2-9c72-25dfd0fef621
0.3421503173194866,23,531bc814-105f-4c0d-88cb-0df688cde9a2
0.05932060019468333,3,671691dc-c8f1-4824-81b9-72ca9cdf0367
0.340483175088751,5,e558619b-8ec5-4942-a938-29c8ab4f5c7c
0.13493388169212492,2,814461d8-bdd3-4bc9-9f77-ad315cd55941
0.5305492940730275,34,8ccaa8cb-66e3-42f0-81f9-53777e8d81d5
0.6256714188600453,66,0c168421-36d9-4bda-adf9-d8a9de2c19c4
0.15345719316991085,4,b313ab8a-73a3-4746-8e54-531862d0e0fb
0.06663362840695522,3,83468df3-60b0-4ec2-9355-a8ea6ecd67b8
0.1065936428119241,4,0405d586-dffb-4205-8bc9-accdce2a6aa9
0.067354677801363,3,65460602-a5b7-4f3c-9093-992c6cc7e7c1
0.05141589320908713,1,03c79369-0ac4-4499-9621-706d4bcd2258
0.19750356428924865,0,217c7bea-de66-4a6f-a2ba-9e87b79347d4
0.5501956815134383,24,b6caa6a1-71d8-48cf-82c9-62c46f549909
0.8650897283412279,67,b4097886-1c14-473d-9b97-e0120b4257de
0.7702171581911733,35,feddce5f-821b-4ff2-8927-ac8da0a25321
0.7452248117694145,24,d365617b-6694-4ec2-8091-7e3846b3a309
0.26912107831829046,6,c8337752-f396-43e7-a875-44149f39be09
0.2764459956130134,12,22c0ec18-c47a-4952-9b3b-b9be89b385a6
0.43955253189291066,24,43a1756c-8a0c-4b3c-b68e-1015a3a089fe
0.8554324155090512,67,acd1c867-072f-4d1e-9ecf-23fa0a532ce5
0.25224278301634423,21,215ee557-8a25-4716-8f09-0b83fc929643
0.4392963699251783,24,c742d920-cf20-4321-9e4a-92c02183090e
0.1947297169018069,5,2ed69fb2-13ea-4513-8237-6afb3f474e8d
0.3396207262767485,6,d7d756b7-bf56-4f16-8c36-102501bf9b0b
0.3421503173194866,24,531bc814-105f-4c0d-88cb-0df688cde9a2
0.05932060019468333,4,671691dc-c8f1-4824-81b9-72ca9cdf0367
0.340483175088751,6,e558619b-8ec5-4942-a938-29c8ab4f5c7c
0.15345719316991085,5,b313ab8a-73a3-4746-8e54-531862d0e0fb
0.067354677801363,4,65460602-a5b7-4f3c-9093-992c6cc7e7c1
0.7587199136030398,67,0beb8e76-f249-4c18-9d6d-fa8a832c4bd5
0.4922898287825995,24,e76e563d-6910-4f76-bfdb-27e6966c1ba2
0.19433297117959888,12,3991ad6c-32d4-40c3-89f7-40749201ec75
0.162089474333951,5,2a21ff46-470c-437a-901f-4101b1f2e032
0.1043226015432238,3,bb9a3f62-6885-4897-9f68-6dcd949301b2
0.24685280473627857,6,3562fbfd-c057-42b9-801c-9cad524d0d9d
0.24176149591403412,5,a209adea-1b31-4452-bf60-00a6f0660cb0
0.3409857450988744,6,4ce6eccf-32f2-4ea2-9891-8b1517ece52b
0.1770155494354595,24,afd7bc63-0e41-4041-968b-10d2c4307250
0.18391321429615273,3,c6a1c4a0-5921-4c54-9b64-8f033853489d
0.07114599613757845,4,92485238-176a-489e-b6a3-3efe0e810d2b
0.19964711472048907,1,dec835fb-ba40-418d-9541-5714688b0782
0.06607058679315436,0,408a185b-954b-4980-ad16-1e1835f74a43
0.5501956815134383,25,b6caa6a1-71d8-48cf-82c9-62c46f549909
0.7702171581911733,36,feddce5f-821b-4ff2-8927-ac8da0a25321
0.7452248117694145,25,d365617b-6694-4ec2-8091-7e3846b3a309
0.2764459956130134,13,22c0ec18-c47a-4952-9b3b-b9be89b385a6
0.43955253189291066,25,43a1756c-8a0c-4b3c-b68e-1015a3a089fe
0.8554324155090512,68,acd1c867-072f-4d1e-9ecf-23fa0a532ce5
0.25224278301634423,22,215ee557-8a25-4716-8f09-0b83fc929643
0.1947297169018069,6,2ed69fb2-13ea-4513-8237-6afb3f474e8d
0.3396207262767485,7,d7d756b7-bf56-4f16-8c36-102501bf9b0b
0.15345719316991085,6,b313ab8a-73a3-4746-8e54-531862d0e0fb
0.1043226015432238,4,bb9a3f62-6885-4897-9f68-6dcd949301b2
0.24685280473627857,7,3562fbfd-c057-42b9-801c-9cad524d0d9d
0.24176149591403412,6,a209adea-1b31-4452-bf60-00a6f0660cb0
0.3409857450988744,7,4ce6eccf-32f2-4ea2-9891-8b1517ece52b
0.07114599613757845,5,92485238-176a-489e-b6a3-3efe0e810d2b
0.8651183619408925,68,228ea34b-8e53-4779-b26a-f83ca67188c5
0.2813281810881232,36,ca57fc4c-d7d0-4679-a825-b6314f9d181c
0.6381137276642816,68,0110cf87-80b2-4a81-9c53-81c76a052c3a
0.25224278301634423,22,4a433daa-f916-46f7-97e3-b74671044527
0.5200278484771155,25,1fce2fcb-fd65-4c25-9590-aab39b61d1c7
0.29754908060843543,6,333741b0-a81e-49de-9d4b-b0491c0f2e26
0.2502863749710028,7,23ae4f5b-4306-4386-a65d-d6faebce579e
0.7783258019634954,68,1fa7d22a-9c54-4a98-9856-e7accea159b4
0.32144882515068923,25,a5dcfd0d-c6af-4c65-a140-7e3f15bd0838
0.25172043471759803,7,a0574275-54a2-4a29-acaf-5391f6c04ce7
0.2461493223979706,6,af0102f1-3a21-41ea-ab19-629844c3c875
0.46096397266536976,25,a47164b3-0e5c-4a75-a922-cab93e1560a8
0.13535401868004326,4,49975bec-4915-4d00-be0c-eea684192093
0.06858045053692614,5,8af03569-62db-4678-aed5-ed0b930a26e9
0.21779154060524286,0,122fdfe5-879a-4acb-9c5c-76b56b39ff17
0.5501956815134383,26,b6caa6a1-71d8-48cf-82c9-62c46f549909
0.7702171581911733,37,feddce5f-821b-4ff2-8927-ac8da0a25321
0.7452248117694145,26,d365617b-6694-4ec2-8091-7e3846b3a309
0.8554324155090512,69,acd1c867-072f-4d1e-9ecf-23fa0a532ce5
0.25224278301634423,23,215ee557-8a25-4716-8f09-0b83fc929643
0.1947297169018069,7,2ed69fb2-13ea-4513-8237-6afb3f474e8d
0.1043226015432238,5,bb9a3f62-6885-4897-9f68-6dcd949301b2
0.3409857450988744,8,4ce6eccf-32f2-4ea2-9891-8b1517ece52b
0.07114599613757845,6,92485238-176a-489e-b6a3-3efe0e810d2b
0.8651183619408925,69,228ea34b-8e53-4779-b26a-f83ca67188c5
0.2813281810881232,37,ca57fc4c-d7d0-4679-a825-b6314f9d181c
0.25224278301634423,23,4a433daa-f916-46f7-97e3-b74671044527
0.29754908060843543,7,333741b0-a81e-49de-9d4b-b0491c0f2e26
0.7783258019634954,69,1fa7d22a-9c54-4a98-9856-e7accea159b4
0.25172043471759803,8,a0574275-54a2-4a29-acaf-5391f6c04ce7
0.2461493223979706,7,af0102f1-3a21-41ea-ab19-629844c3c875
0.46096397266536976,26,a47164b3-0e5c-4a75-a922-cab93e1560a8
0.13535401868004326,5,49975bec-4915-4d00-be0c-eea684192093
0.21779154060524286,1,122fdfe5-879a-4acb-9c5c-76b56b39ff17
0.4600946827773396,26,a7ce6e86-774d-40d8-82ec-b23262a60945
0.4984193679661737,37,33e0d9c7-002a-4ebf-b5f5-4ee43b0948ab
0.17131411097775714,7,4df7d4f0-3dc6-4738-87aa-8b7e12d74551
0.34105388676271003,8,93dcd4ae-f75e-4d74-a6b2-df49430021b3
0.49583227129234386,37,43eda0f3-1503-4e88-92e4-a55793da0440
0.14706769162652747,23,05d7e0fb-90a0-4b56-a074-390cc11acf42
0.41856108982865403,26,b052d949-0424-480c-abec-0a274657373a
0.3672166661301826,7,de881b04-54a2-40ca-89e8-4c930048666e
0.13714286309412685,5,4f71c1ba-6e1f-4b92-950a-7a5e129840f9
0.04914031484524074,1,6b5b7f5e-68ab-466b-b283-921f27a65786
0.17387231034842385,0,728c5ece-bbcd-4e61-8739-8199375a0efc
0.5501956815134383,27,b6caa6a1-71d8-48cf-82c9-62c46f549909
0.7702171581911733,38,feddce5f-821b-4ff2-8927-ac8da0a25321
0.7452248117694145,27,d365617b-6694-4ec2-8091-7e3846b3a309
0.1947297169018069,8,2ed69fb2-13ea-4513-8237-6afb3f474e8d
0.3409857450988744,9,4ce6eccf-32f2-4ea2-9891-8b1517ece52b
0.8651183619408925,70,228ea34b-8e53-4779-b26a-f83ca67188c5
0.25224278301634423,24,4a433daa-f916-46f7-97e3-b74671044527
0.7783258019634954,70,1fa7d22a-9c54-4a98-9856-e7accea159b4
0.2461493223979706,8,af0102f1-3a21-41ea-ab19-629844c3c875
0.21779154060524286,2,122fdfe5-879a-4acb-9c5c-76b56b39ff17
0.4600946827773396,27,a7ce6e86-774d-40d8-82ec-b23262a60945
0.4984193679661737,38,33e0d9c7-002a-4ebf-b5f5-4ee43b0948ab
0.34105388676271003,9,93dcd4ae-f75e-4d74-a6b2-df49430021b3
0.49583227129234386,38,43eda0f3-1503-4e88-92e4-a55793da0440
0.17387231034842385,1,728c5ece-bbcd-4e61-8739-8199375a0efc
0.4765286949325449,70,d2f6840f-a0d8-431f-8585-23f22723847a
0.1045426851775643,6,62dbda8e-e640-4f7b-a25f-48aec3f6c456
0.25331030675330846,9,e360a7ef-a01c-4716-b470-7adac6c75a9f
0.0678240263857087,7,46cf9587-cfce-4dbb-95fb-c0874a409e1f
0.8041663025326427,70,335079ea-6af5-4096-947c-ad871cb713d0
0.32741305816558436,9,7726ad28-d8cd-477a-b3ff-1d59a9841015
0.25623479844404295,8,afb798a3-6dc0-4f35-bcec-ba45bd5d77b5
0.11508027214328824,6,734fc7cb-c5b8-43ea-a000-cdda53d956f0
0.031643577298228996,2,42fadfc0-081d-488c-814b-cf477713ae60
0.47222699367046705,27,932b88d4-80e6-4b09-a0da-e4fbeaf9dc0a
0.24215663530610193,9,a2704605-cb26-4232-8ed7-3a118e5cda2f
0.4001128680861457,8,ea6d6004-2d6e-4c2e-96ae-74c5e7cd3a5a
0.0783903105556637,2,2156bbfb-2639-48de-b2ca-3a1bc2cc0dae
0.1744563901336348,1,98916336-d936-46a7-8cc2-ae3508939000
0.48007566274990404,0,a8a7a085-3b17-45d8-bf4f-1110e91d4add
0.5501956815134383,28,b6caa6a1-71d8-48cf-82c9-62c46f549909
0.7702171581911733,39,feddce5f-821b-4ff2-8927-ac8da0a25321
0.7452248117694145,28,d365617b-6694-4ec2-8091-7e3846b3a309
0.8651183619408925,71,228ea34b-8e53-4779-b26a-f83ca67188c5
0.25224278301634423,25,4a433daa-f916-46f7-97e3-b74671044527
0.2461493223979706,9,af0102f1-3a21-41ea-ab19-629844c3c875
0.21779154060524286,3,122fdfe5-879a-4acb-9c5c-76b56b39ff17
0.34105388676271003,10,93dcd4ae-f75e-4d74-a6b2-df49430021b3
0.17387231034842385,2,728c5ece-bbcd-4e61-8739-8199375a0efc
0.4765286949325449,71,d2f6840f-a0d8-431f-8585-23f22723847a
0.1045426851775643,7,62dbda8e-e640-4f7b-a25f-48aec3f6c456
0.8041663025326427,71,335079ea-6af5-4096-947c-ad871cb713d0
0.25623479844404295,9,afb798a3-6dc0-4f35-bcec-ba45bd5d77b5
0.47222699367046705,28,932b88d4-80e6-4b09-a0da-e4fbeaf9dc0a
0.0783903105556637,3,2156bbfb-2639-48de-b2ca-3a1bc2cc0dae
0.1744563901336348,2,98916336-d936-46a7-8cc2-ae3508939000
0.48007566274990404,1,a8a7a085-3b17-45d8-bf4f-1110e91d4add
0.24939325615605915,25,92175080-5b7e-46df-aa18-b6dfa7fc02f1
0.2076885063487024,9,d7dd9c11-f22c-462a-9efb-b756cc76d59d
0.1829194332530376,3,42edb8f7-376d-41ab-a2cb-1364fa504d68
0.27856090862706473,28,3ec0dad1-190d-4ddd-81a1-5bde64a65f66
0.5186842736138727,39,1f6d7d53-ac7c-44a0-8956-716207015a86
0.3417203106294531,10,c9131dc8-b2ea-41fb-9503-0b27f6f7ed0c
0.17230209994637807,2,c1a82fec-16ce-41db-8fbf-6f6775c05cab
0.10584165199642195,7,1ef9fdb0-a513-43cb-8cfc-174dad13971f
0.0682548472349577,8,4ff6f9ec-e095-457b-b706-e1db381e9893
0.2700503887244455,9,cf258a6f-05c3-4079-9a98-df5511aaabeb
0.17300364747690458,2,0ab18e32-bc61-4d6a-ac1f-da3bc42ecfcc
0.05257967267027475,1,4a9dfed0-29f5-44a3-845d-ee4234e18882
0.30081499576462867,0,3a084288-b53c-4a17-9387-4aa35bd8e21f
0.5501956815134383,29,b6caa6a1-71d8-48cf-82c9-62c46f549909
0.7702171581911733,40,feddce5f-821b-4ff2-8927-ac8da0a25321
0.7452248117694145,29,d365617b-6694-4ec2-8091-7e3846b3a309
0.8651183619408925,72,228ea34b-8e53-4779-b26a-f83ca67188c5
0.8041663025326427,72,335079ea-6af5-4096-947c-ad871cb713d0
0.47222699367046705,29,932b88d4-80e6-4b09-a0da-e4fbeaf9dc0a
0.0783903105556637,4,2156bbfb-2639-48de-b2ca-3a1bc2cc0dae
0.1744563901336348,3,98916336-d936-46a7-8cc2-ae3508939000
0.48007566274990404,2,a8a7a085-3b17-45d8-bf4f-1110e91d4add
0.2076885063487024,10,d7dd9c11-f22c-462a-9efb-b756cc76d59d
0.1829194332530376,4,42edb8f7-376d-41ab-a2cb-1364fa504d68
0.5186842736138727,40,1f6d7d53-ac7c-44a0-8956-716207015a86
0.17230209994637807,3,c1a82fec-16ce-41db-8fbf-6f6775c05cab
0.10584165199642195,8,1ef9fdb0-a513-43cb-8cfc-174dad13971f
0.17300364747690458,3,0ab18e32-bc61-4d6a-ac1f-da3bc42ecfcc
0.05257967267027475,2,4a9dfed0-29f5-44a3-845d-ee4234e18882
0.30081499576462867,1,3a084288-b53c-4a17-9387-4aa35bd8e21f
0.6833283400889312,40,beb46763-8068-4894-ae9e-0d3bfb4753ac
0.4761273727533431,29,b7bffb09-043b-4ace-a741-f92b27368d7a
0.857694485843316,72,c727d50e-7e9c-4ed1-a243-fca942d93b7e
0.21754150594448005,10,bddefb96-0106-41cc-aded-3d58cbc12f79
0.335326325617145,11,f5bc8cdf-f232-4ee0-b9c8-f4a20de07a0d
0.6513645185502267,72,dea793e4-379a-4c54-babf-175bb1a1fd84
0.7142981577180381,72,66134e9d-c4fd-4785-a06a-522a0f38689a
0.43807796851124187,29,8fb3e78c-e8c9-4c06-b0b5-fb9e9517deb1
0.3680266967721936,2,89308c02-d496-4d23-86b2-d4e48272b8ee
0.17300211370848803,3,4a702617-59e7-4e66-bd45-f5ec8e15fbae
0.17649372338185892,2,95412dc6-6fb2-4916-b879-c0a9f75c2eca
0.30562350572114827,1,4c982cc1-cc40-4a59-803c-041e5ea73fd1
0.08041836074790783,0,d479056c-a9d1-4011-8329-ef29ba668dff
0.5501956815134383,30,b6caa6a1-71d8-48cf-82c9-62c46f549909
0.7702171581911733,41,feddce5f-821b-4ff2-8927-ac8da0a25321
0.7452248117694145,30,d365617b-6694-4ec2-8091-7e3846b3a309
0.8651183619408925,73,228ea34b-8e53-4779-b26a-f83ca67188c5
0.48007566274990404,3,a8a7a085-3b17-45d8-bf4f-1110e91d4add
0.17300364747690458,4,0ab18e32-bc61-4d6a-ac1f-da3bc42ecfcc
0.30081499576462867,2,3a084288-b53c-4a17-9387-4aa35bd8e21f
0.857694485843316,73,c727d50e-7e9c-4ed1-a243-fca942d93b7e
0.335326325617145,12,f5bc8cdf-f232-4ee0-b9c8-f4a20de07a0d
0.6513645185502267,73,dea793e4-379a-4c54-babf-175bb1a1fd84
0.43807796851124187,30,8fb3e78c-e8c9-4c06-b0b5-fb9e9517deb1
0.3680266967721936,3,89308c02-d496-4d23-86b2-d4e48272b8ee
0.17300211370848803,4,4a702617-59e7-4e66-bd45-f5ec8e15fbae
0.17649372338185892,3,95412dc6-6fb2-4916-b879-c0a9f75c2eca
0.30562350572114827,2,4c982cc1-cc40-4a59-803c-041e5ea73fd1
0.08041836074790783,1,d479056c-a9d1-4011-8329-ef29ba668dff
0.8577825496255107,73,6675672c-b430-4ebd-abc2-26cca3bc7af7
0.533885790380507,73,2d206654-bc19-44d2-b795-ed6156416b5c
0.48839607634239823,30,7b41b141-12a1-491b-a75c-7cbda439dea8
0.17905669647173963,11,a0cd24ae-30fb-4276-b1dc-b11655baeebc
0.19983651980797085,5,cb2c5b30-3057-4b19-aa34-1896185ab8bd
0.3013135284586354,2,0480f4f7-9465-47e1-9a4d-403e020ec552
0.6487725622312979,41,b605bf4a-25c3-4599-b478-88eca7354989
0.3677117196118137,12,1c1f8d70-ae24-4d48-99ce-82deb8bc523c
0.42484516290997487,3,b09971a5-f25e-421f-8772-5dbb21678522
0.1736870758923152,4,f9785f24-8058-48e9-9658-67f2cfd9e6a4
0.23825716136087557,3,a957479b-f8a3-4329-b5f5-23515642c440
0.29296391108948455,2,245e24ed-a072-483e-9f7f-79b2b3f118b0
0.12260168922941127,1,d3fdc843-9978-47f3-8f88-1a8791685bae
0.03563231388138966,0,e59f2b6f-1fc1-45d1-a89d-de291149f7ff
0.5501956815134383,31,b6caa6a1-71d8-48cf-82c9-62c46f549909
0.7702171581911733,42,feddce5f-821b-4ff2-8927-ac8da0a25321
0.7452248117694145,31,d365617b-6694-4ec2-8091-7e3846b3a309
0.8651183619408925,74,228ea34b-8e53-4779-b26a-f83ca67188c5
0.48007566274990404,4,a8a7a085-3b17-45d8-bf4f-1110e91d4add
0.30081499576462867,3,3a084288-b53c-4a17-9387-4aa35bd8e21f
0.857694485843316,74,c727d50e-7e9c-4ed1-a243-fca942d93b7e
0.6513645185502267,74,dea793e4-379a-4c54-babf-175bb1a1fd84
0.43807796851124187,31,8fb3e78c-e8c9-4c06-b0b5-fb9e9517deb1
0.30562350572114827,3,4c982cc1-cc40-4a59-803c-041e5ea73fd1
0.08041836074790783,2,d479056c-a9d1-4011-8329-ef29ba668dff
0.8577825496255107,74,6675672c-b430-4ebd-abc2-26cca3bc7af7
0.48839607634239823,31,7b41b141-12a1-491b-a75c-7cbda439dea8
0.3013135284586354,3,0480f4f7-9465-47e1-9a4d-403e020ec552
0.6487725622312979,42,b605bf4a-25c3-4599-b478-88eca7354989
0.42484516290997487,4,b09971a5-f25e-421f-8772-5dbb21678522
0.29296391108948455,3,245e24ed-a072-483e-9f7f-79b2b3f118b0
0.12260168922941127,2,d3fdc843-9978-47f3-8f88-1a8791685bae
0.03563231388138966,1,e59f2b6f-1fc1-45d1-a89d-de291149f7ff
0.3556762832993008,3,73a4e718-1acf-4143-a638-3417d2b5e8c5
0.5173144041875212,74,aabee731-b991-4e5c-96c1-4e21ae8a1c31
0.2664932256373376,3,2f545b1c-8d8d-4d85-b988-b3fdda2c35cb
0.5798010801574796,74,e4a0cb33-0e44-438a-b9a0-cc008e47956a
0.5249760833815524,74,3a4652b2-017a-4e78-8cca-272a238ecc0e
0.10296925874002347,12,0ce847f8-9181-4331-9ddf-a577a76e1795
0.08401751626995023,6,5e8e1b17-c797-4a01-853b-758accd911ff
0.4063993259730944,3,f4f0280e-ee2b-4098-b8aa-9eeb795f6874
0.5662326466154658,42,b00fa518-806d-4f6e-b575-08cbd2611e04
0.08529443180521189,2,de46e207-f4cf-4c76-8bb4-6ba97cd36783
0.08277876755112348,0,65b756cd-0c07-420f-ad16-bdc2249cbb3c
0.5501956815134383,32,b6caa6a1-71d8-48cf-82c9-62c46f549909
0.7702171581911733,43,feddce5f-821b-4ff2-8927-ac8da0a25321
0.7452248117694145,32,d365617b-6694-4ec2-8091-7e3846b3a309
0.8651183619408925,75,228ea34b-8e53-4779-b26a-f83ca67188c5
0.48007566274990404,5,a8a7a085-3b17-45d8-bf4f-1110e91d4add
0.857694485843316,75,c727d50e-7e9c-4ed1-a243-fca942d93b7e
0.6513645185502267,75,dea793e4-379a-4c54-babf-175bb1a1fd84
0.8577825496255107,75,6675672c-b430-4ebd-abc2-26cca3bc7af7
0.42484516290997487,5,b09971a5-f25e-421f-8772-5dbb21678522
0.12260168922941127,3,d3fdc843-9978-47f3-8f88-1a8791685bae
0.03563231388138966,2,e59f2b6f-1fc1-45d1-a89d-de291149f7ff
0.3556762832993008,4,73a4e718-1acf-4143-a638-3417d2b5e8c5
0.4063993259730944,4,f4f0280e-ee2b-4098-b8aa-9eeb795f6874
0.5662326466154658,43,b00fa518-806d-4f6e-b575-08cbd2611e04
0.08529443180521189,3,de46e207-f4cf-4c76-8bb4-6ba97cd36783
0.08277876755112348,1,65b756cd-0c07-420f-ad16-bdc2249cbb3c
0.4134969221485888,32,009a5c74-70ad-493a-8973-0f4fc2ae9753
0.16168351736955966,5,29a1b22f-eb65-40a4-b940-ed6fc2086efe
0.3001169109679141,4,f547b657-ba20-48ed-aec5-ce5f444895c3
0.7061874930602221,75,f849a793-8b3d-4c30-b2e2-20021b39a563
0.46935680324716106,43,2f588695-85d4-4b4a-9ffe-42113fda642b
0.35660612250140805,4,597a5546-0093-4019-ab26-68f049d18625
0.10950057244870427,3,2a49bb1d-d931-4141-b767-3dec1801911d
0.03563228109176688,2,c5698d57-b7ef-437a-948c-d8aae3945de8
0.40787556840431616,4,ba3752ba-5656-4450-afbd-1189c8f891e1
0.24944483863563477,4,553e0f64-317b-4bf7-9325-9a758657a4ed
0.386606770368288,4,44901cc8-3918-4ebb-b847-e41e0b3b8d9a
0.08562623378479135,3,37371820-c5eb-4bce-8666-69476d06fba3
0.08269366704071798,1,2404b9de-e268-4fc0-8bc2-6e3e2021edfc
0.0323665404410729,0,4577a6c8-4c26-44e4-8a57-58921ff5d97b
0.5501956815134383,33,b6caa6a1-71d8-48cf-82c9-62c46f549909
0.7702171581911733,44,feddce5f-821b-4ff2-8927-ac8da0a25321
0.7452248117694145,33,d365617b-6694-4ec2-8091-7e3846b3a309
0.8651183619408925,76,228ea34b-8e53-4779-b26a-f83ca67188c5
0.48007566274990404,6,a8a7a085-3b17-45d8-bf4f-1110e91d4add
0.857694485843316,76,c727d50e-7e9c-4ed1-a243-fca942d93b7e
0.8577825496255107,76,6675672c-b430-4ebd-abc2-26cca3bc7af7
0.12260168922941127,4,d3fdc843-9978-47f3-8f88-1a8791685bae
0.03563231388138966,3,e59f2b6f-1fc1-45d1-a89d-de291149f7ff
0.5662326466154658,44,b00fa518-806d-4f6e-b575-08cbd2611e04
0.08277876755112348,2,65b756cd-0c07-420f-ad16-bdc2249cbb3c
0.4134969221485888,33,009a5c74-70ad-493a-8973-0f4fc2ae9753
0.7061874930602221,76,f849a793-8b3d-4c30-b2e2-20021b39a563
0.10950057244870427,4,2a49bb1d-d931-4141-b767-3dec1801911d
0.40787556840431616,5,ba3752ba-5656-4450-afbd-1189c8f891e1
0.386606770368288,5,44901cc8-3918-4ebb-b847-e41e0b3b8d9a
0.08562623378479135,4,37371820-c5eb-4bce-8666-69476d06fba3
0.08269366704071798,2,2404b9de-e268-4fc0-8bc2-6e3e2021edfc
0.0323665404410729,1,4577a6c8-4c26-44e4-8a57-58921ff5d97b
0.4130396748678618,33,159648d6-dff0-4af0-9a6e-e5b4d647bf9f
0.2671448738632247,3,99f4722a-1399-4928-899c-17d3f25df8c7
0.5024123643192007,5,fa4269f3-6764-4fe7-9210-682df47671a9
0.08284738647676806,2,d29c6eb6-9df0-4b9b-8436-df0e03b959e1
0.37907281911863383,5,2ae9d41f-1ffa-4148-a5f1-cd6eca0e1092
0.09725713274347283,4,5984a396-fdd1-49b5-8ae2-27bb78faec9e
0.03568829761822742,3,e217bec3-628d-4eab-949b-fa31fdccdd33
0.30843141414193737,5,e2ab6ffa-aa35-4388-aaeb-d672c2cd6ac6
0.08983728800485152,2,a2994fb1-4909-4f26-8063-5b38a42b8bcd
0.020846981511034972,1,a69aacbd-d95f-424c-9e58-f4a4e9106dbb
0.005041041917172594,0,253e569a-8246-42ca-9555-275c4d752449
0.5501956815134383,34,b6caa6a1-71d8-48cf-82c9-62c46f549909
0.7702171581911733,45,feddce5f-821b-4ff2-8927-ac8da0a25321
0.7452248117694145,34,d365617b-6694-4ec2-8091-7e3846b3a309
0.8651183619408925,77,228ea34b-8e53-4779-b26a-f83ca67188c5
0.857694485843316,77,c727d50e-7e9c-4ed1-a243-fca942d93b7e
0.8577825496255107,77,6675672c-b430-4ebd-abc2-26cca3bc7af7
0.12260168922941127,5,d3fdc843-9978-47f3-8f88-1a8791685bae
0.7061874930602221,77,f849a793-8b3d-4c30-b2e2-20021b39a563
0.10950057244870427,5,2a49bb1d-d931-4141-b767-3dec1801911d
0.40787556840431616,6,ba3752ba-5656-4450-afbd-1189c8f891e1
0.08562623378479135,5,37371820-c5eb-4bce-8666-69476d06fba3
0.0323665404410729,2,4577a6c8-4c26-44e4-8a57-58921ff5d97b
0.5024123643192007,6,fa4269f3-6764-4fe7-9210-682df47671a9
0.03568829761822742,4,e217bec3-628d-4eab-949b-fa31fdccdd33
0.020846981511034972,2,a69aacbd-d95f-424c-9e58-f4a4e9106dbb
0.005041041917172594,1,253e569a-8246-42ca-9555-275c4d752449
0.6033255930564128,77,18d10c57-e6fc-409c-94e6-edec7d9d29fb
0.4743461648816602,7,048606bb-cc6e-49e1-9e59-272f1bc69bbf
0.7354679359718062,77,0dc6f4c5-2980-46fd-8d6f-e8fb5038bc9d
0.07872615966557991,5,71ceb319-b33b-4bb9-a54a-06d68eed8c9b
0.19586116538820808,3,afd77faf-75c8-4b29-a1e3-e34a27d2becd
0.41489995174563,34,0b23991d-62c3-43ac-8fa8-bd7bb9239ec7
0.10958114817309599,5,b20428db-0551-4ed4-bae7-7724accad792
0.40787556840431616,6,ada74722-33da-4a57-b693-60236f292b51
0.32009617993210215,4,93c85fdb-929d-4447-a029-c79ac224fefb
0.08155472708562196,3,309c880f-83e0-4686-86fe-c0062be9df4f
0.3603173461037237,6,065ca20f-81b7-4e8e-bbfc-874d75c495fe
0.02294312070826915,4,2036ab00-12c4-4ee6-8034-1c6fff6b657e
0.005505381775828214,1,effd3b7b-befb-46e5-ba80-a776d6e3010e
0.10379114484595402,0,9b6f01c0-b577-412d-af29-3db4965ccb77
0.5501956815134383,35,b6caa6a1-71d8-48cf-82c9-62c46f549909
0.7702171581911733,46,feddce5f-821b-4ff2-8927-ac8da0a25321
0.7452248117694145,35,d365617b-6694-4ec2-8091-7e3846b3a309
0.8651183619408925,78,228ea34b-8e53-4779-b26a-f83ca67188c5
0.857694485843316,78,c727d50e-7e9c-4ed1-a243-fca942d93b7e
0.8577825496255107,78,6675672c-b430-4ebd-abc2-26cca3bc7af7
0.10950057244870427,6,2a49bb1d-d931-4141-b767-3dec1801911d
0.40787556840431616,7,ba3752ba-5656-4450-afbd-1189c8f891e1
0.0323665404410729,3,4577a6c8-4c26-44e4-8a57-58921ff5d97b
0.5024123643192007,7,fa4269f3-6764-4fe7-9210-682df47671a9
0.03568829761822742,5,e217bec3-628d-4eab-949b-fa31fdccdd33
0.4743461648816602,8,048606bb-cc6e-49e1-9e59-272f1bc69bbf
0.7354679359718062,78,0dc6f4c5-2980-46fd-8d6f-e8fb5038bc9d
0.07872615966557991,6,71ceb319-b33b-4bb9-a54a-06d68eed8c9b
0.19586116538820808,4,afd77faf-75c8-4b29-a1e3-e34a27d2becd
0.41489995174563,35,0b23991d-62c3-43ac-8fa8-bd7bb9239ec7
0.40787556840431616,7,ada74722-33da-4a57-b693-60236f292b51
0.32009617993210215,5,93c85fdb-929d-4447-a029-c79ac224fefb
0.005505381775828214,2,effd3b7b-befb-46e5-ba80-a776d6e3010e
0.10379114484595402,1,9b6f01c0-b577-412d-af29-3db4965ccb77
0.586543065085803,78,e71c3fd3-0820-4dc6-bea7-88310f7505fb
0.35397657417507006,7,197fe58a-0254-4179-930e-f382c33cfcfc
0.02945370962937916,3,7e301947-dde2-4e4a-bb24-cac3ed7b164e
0.3313099321248304,7,46e69dcb-7988-4783-b61d-51a3fcadcbbb
0.7405266552635896,78,8c2fe3e0-e164-458d-b87a-b0ad942e62fe
0.18072255350127803,4,998ab0cb-5e29-422e-be85-34684fd19d72
0.08021072216481877,4,4f098d2b-3fe9-4fd1-bf1b-36701e541b1a
0.3594524765338083,7,2bd87654-ac37-47de-a4c5-1822843ecf1f
0.10272961440287973,1,51ec1ca7-12db-4ba2-9327-494443ee895a
0.06132663965096683,0,10e11f80-27c2-4c7c-a65e-12d4d281cc66
0.7702171581911733,47,feddce5f-821b-4ff2-8927-ac8da0a25321
0.7452248117694145,36,d365617b-6694-4ec2-8091-7e3846b3a309
0.8651183619408925,79,228ea34b-8e53-4779-b26a-f83ca67188c5
0.857694485843316,79,c727d50e-7e9c-4ed1-a243-fca942d93b7e
0.8577825496255107,79,6675672c-b430-4ebd-abc2-26cca3bc7af7
0.0323665404410729,4,4577a6c8-4c26-44e4-8a57-58921ff5d97b
0.5024123643192007,8,fa4269f3-6764-4fe7-9210-682df47671a9
0.40787556840431616,8,ada74722-33da-4a57-b693-60236f292b51
0.32009617993210215,6,93c85fdb-929d-4447-a029-c79ac224fefb
0.35397657417507006,8,197fe58a-0254-4179-930e-f382c33cfcfc
0.3313099321248304,8,46e69dcb-7988-4783-b61d-51a3fcadcbbb
0.7405266552635896,79,8c2fe3e0-e164-458d-b87a-b0ad942e62fe
0.08021072216481877,5,4f098d2b-3fe9-4fd1-bf1b-36701e541b1a
0.3594524765338083,8,2bd87654-ac37-47de-a4c5-1822843ecf1f
0.10272961440287973,2,51ec1ca7-12db-4ba2-9327-494443ee895a
0.06132663965096683,1,10e11f80-27c2-4c7c-a65e-12d4d281cc66
0.3029766341507606,36,f982f68b-366a-48cf-947b-9f469614683b
0.794735857432259,79,2d81a345-3f04-4e4b-8658-6c20e74e2c4a
0.8394320683421786,79,3672edfd-9ed7-4a18-9f96-5424669db7c6
0.7659994164909092,79,7422cb07-ec54-4552-ae22-b47dffe7eb2c
0.030113436672226674,4,6427513a-1669-463f-91f7-42e491fca593
0.03553083737854213,6,9d6f2398-633d-4cde-b4a3-42e4be22c631
0.19277065488532075,5,4fd1b4a5-4f06-4d7e-b750-74693ec931bc
0.3556647843060651,8,d077eb34-7336-4fef-90f1-6a710ddd027d
0.4239338670772998,6,7401bbb0-67cf-4bc7-9c17-663e53cb5787
0.33854986081603844,8,1ebba126-8e08-4d34-b5b3-df029d7b09ca
0.24054228247273052,5,bf2b19cc-7cd4-4686-94fa-36f1c19dec95
0.11331589656404373,2,6e55b004-ca7e-4f42-bb38-d2a788de29a8
0.05518872717247114,1,edb536a2-8d90-47f8-af8e-fb1d6f02825c
0.20227538833175537,0,9f40b65a-0d27-4f4c-b58b-f7022864f339
0.7702171581911733,48,feddce5f-821b-4ff2-8927-ac8da0a25321
0.7452248117694145,37,d365617b-6694-4ec2-8091-7e3846b3a309
0.8651183619408925,80,228ea34b-8e53-4779-b26a-f83ca67188c5
0.5024123643192007,9,fa4269f3-6764-4fe7-9210-682df47671a9
0.40787556840431616,9,ada74722-33da-4a57-b693-60236f292b51
0.32009617993210215,7,93c85fdb-929d-4447-a029-c79ac224fefb
0.35397657417507006,9,197fe58a-0254-4179-930e-f382c33cfcfc
0.10272961440287973,3,51ec1ca7-12db-4ba2-9327-494443ee895a
0.06132663965096683,2,10e11f80-27c2-4c7c-a65e-12d4d281cc66
0.8394320683421786,80,3672edfd-9ed7-4a18-9f96-5424669db7c6
0.7659994164909092,80,7422cb07-ec54-4552-ae22-b47dffe7eb2c
0.030113436672226674,5,6427513a-1669-463f-91f7-42e491fca593
0.4239338670772998,7,7401bbb0-67cf-4bc7-9c17-663e53cb5787
0.24054228247273052,6,bf2b19cc-7cd4-4686-94fa-36f1c19dec95
0.11331589656404373,3,6e55b004-ca7e-4f42-bb38-d2a788de29a8
0.05518872717247114,2,edb536a2-8d90-47f8-af8e-fb1d6f02825c
0.20227538833175537,1,9f40b65a-0d27-4f4c-b58b-f7022864f339
0.2796996252210777,48,cf920c59-53a7-4f6c-a05a-9bd74996ff75
0.3144616030386127,9,ce408ac3-6e27-42a8-b020-d536134ee2ff
0.35186295523241096,7,cdcad252-4cb8-4fad-81b5-de9d7fe18583
0.1036255178950008,3,116b1769-35f1-4ce4-b006-542a75c7cc08
0.0530985236923647,2,4f1847e2-7669-44db-86f3-f0f208151ea0
0.7812918046094914,80,99a0a902-426f-4cbe-a814-4b07a5df3ad6
0.023807841430244673,5,49679735-0619-47c4-9216-32156bea2968
0.18940675600917822,6,ee16b95f-7bb2-4d5c-ad2b-ad4a98e86638
0.32370157080544326,9,6b54aecd-2a3a-46a2-9c9f-49f89a6f2c20
0.2349866896436154,6,8394ba0e-f460-4899-bdb6-bdb987840a9c
0.1111653217073964,3,dd2d821b-f4fe-42dc-a554-5df6fc575561
0.11770005045656366,1,39a1df67-b26e-466c-9d36-9de86eb8c8a2
0.08305875378861774,0,a97b455c-30fc-471b-ac1f-1fafc902a1ca
0.7702171581911733,49,feddce5f-821b-4ff2-8927-ac8da0a25321
0.7452248117694145,38,d365617b-6694-4ec2-8091-7e3846b3a309
0.8651183619408925,81,228ea34b-8e53-4779-b26a-f83ca67188c5
0.5024123643192007,10,fa4269f3-6764-4fe7-9210-682df47671a9
0.32009617993210215,8,93c85fdb-929d-4447-a029-c79ac224fefb
0.35397657417507006,10,197fe58a-0254-4179-930e-f382c33cfcfc
0.8394320683421786,81,3672edfd-9ed7-4a18-9f96-5424669db7c6
0.4239338670772998,8,7401bbb0-67cf-4bc7-9c17-663e53cb5787
0.24054228247273052,7,bf2b19cc-7cd4-4686-94fa-36f1c19dec95
0.11331589656404373,4,6e55b004-ca7e-4f42-bb38-d2a788de29a8
0.20227538833175537,2,9f40b65a-0d27-4f4c-b58b-f7022864f339
0.35186295523241096,8,cdcad252-4cb8-4fad-81b5-de9d7fe18583
0.7812918046094914,81,99a0a902-426f-4cbe-a814-4b07a5df3ad6
0.1111653217073964,4,dd2d821b-f4fe-42dc-a554-5df6fc575561
0.11770005045656366,2,39a1df67-b26e-466c-9d36-9de86eb8c8a2
0.08305875378861774,1,a97b455c-30fc-471b-ac1f-1fafc902a1ca
0.31601851499789885,10,06fe6b42-535a-4653-a443-232ee7c06918
0.495377206580146,81,53a9607e-ee4b-4121-9174-67842e5e2dc5
0.6536146337160162,81,f3fad62e-1a60-4875-a217-6a196b481e77
0.19656873056521762,2,3491f951-2b1a-4959-aed6-1f5cdcef80c1
0.31597780136502573,49,a3b28ffb-208e-4a30-b881-a66bb93b002f
0.30936939571363214,8,fe518efe-e277-44f4-b8b9-489134819501
0.10178070828191213,4,4c34c622-d4d2-418f-bce2-a853e9dba4c6
0.8230578614144546,81,7d14d0c8-0f7c-4eb0-b982-580867f83c66
0.3403334795139561,10,c13b6f4c-6afa-4d58-b340-9ee0442517f3
0.23920827047203658,7,78631c4c-2f01-44b6-ac1d-01a20e54f105
0.11810163261012882,4,f64072a0-8e52-4bae-8968-0018a37e1f53
0.40166113119990243,2,a66b19f7-9937-426f-9cf6-bf0097108a56
0.07235176586563122,1,068205f7-45c4-43c7-8edf-fa392248fb88
0.10882078797401727,0,8a185bca-e847-4eb6-8ca2-fc1b2e5a58a3
0.7702171581911733,50,feddce5f-821b-4ff2-8927-ac8da0a25321
0.7452248117694145,39,d365617b-6694-4ec2-8091-7e3846b3a309
0.5024123643192007,11,fa4269f3-6764-4fe7-9210-682df47671a9
0.8394320683421786,82,3672edfd-9ed7-4a18-9f96-5424669db7c6
0.4239338670772998,9,7401bbb0-67cf-4bc7-9c17-663e53cb5787
0.24054228247273052,8,bf2b19cc-7cd4-4686-94fa-36f1c19dec95
0.11331589656404373,5,6e55b004-ca7e-4f42-bb38-d2a788de29a8
0.20227538833175537,3,9f40b65a-0d27-4f4c-b58b-f7022864f339
0.35186295523241096,9,cdcad252-4cb8-4fad-81b5-de9d7fe18583
0.1111653217073964,5,dd2d821b-f4fe-42dc-a554-5df6fc575561
0.11770005045656366,3,39a1df67-b26e-466c-9d36-9de86eb8c8a2
0.08305875378861774,2,a97b455c-30fc-471b-ac1f-1fafc902a1ca
0.6536146337160162,82,f3fad62e-1a60-4875-a217-6a196b481e77
0.19656873056521762,3,3491f951-2b1a-4959-aed6-1f5cdcef80c1
0.23920827047203658,8,78631c4c-2f01-44b6-ac1d-01a20e54f105
0.40166113119990243,3,a66b19f7-9937-426f-9cf6-bf0097108a56
0.33735832522712045,11,07dfd522-a79f-400e-a242-31e226ce1ab0
0.2125371434844694,9,9cc92906-3065-46d8-a7e5-228aa8cb674e
0.24336971775983718,8,d103632b-4baa-4359-8607-45a1bf75fc4a
0.20292019446929024,3,658afc85-85d2-47a4-a5a4-a56350f51136
0.03495189712493582,3,6e777fa3-5064-4841-958d-acb384fcbf97
0.08305481776530668,2,a6e10bbc-f895-43d5-91b5-e337a48089bf
0.19650173324676146,3,46127a70-6d02-4a0b-ab7c-caa4865a5b3e
0.5510996918877962,50,3bf162cc-e012-4121-b0c9-c9e8b3a5b244
0.3121620915487883,9,61178a23-2439-458e-9294-c3e9f12fc6d5
0.8667826340428257,82,7035955e-d306-44e2-a56c-8dd8f507115a
0.41463363526904945,11,bfb27b4a-ca1f-4dfe-b9a6-304ab22e34ff
0.24454153525508981,8,a464064d-4953-4db9-a41a-4f6c8226bc46
0.11138009734139563,1,e2bc7dc9-779c-435e-b401-f01443e351ed
0.09929179135815622,0,327c1242-9761-4ac1-b778-9df8ecef3d29
0.7702171581911733,51,feddce5f-821b-4ff2-8927-ac8da0a25321
0.7452248117694145,40,d365617b-6694-4ec2-8091-7e3846b3a309
0.5024123643192007,12,fa4269f3-6764-4fe7-9210-682df47671a9
0.8394320683421786,83,3672edfd-9ed7-4a18-9f96-5424669db7c6
0.4239338670772998,10,7401bbb0-67cf-4bc7-9c17-663e53cb5787
0.6536146337160162,83,f3fad62e-1a60-4875-a217-6a196b481e77
0.23920827047203658,9,78631c4c-2f01-44b6-ac1d-01a20e54f105
0.40166113119990243,4,a66b19f7-9937-426f-9cf6-bf0097108a56
0.08305481776530668,3,a6e10bbc-f895-43d5-91b5-e337a48089bf
0.5510996918877962,51,3bf162cc-e012-4121-b0c9-c9e8b3a5b244
0.8667826340428257,83,7035955e-d306-44e2-a56c-8dd8f507115a
0.41463363526904945,12,bfb27b4a-ca1f-4dfe-b9a6-304ab22e34ff
0.11138009734139563,2,e2bc7dc9-779c-435e-b401-f01443e351ed
0.09929179135815622,1,327c1242-9761-4ac1-b778-9df8ecef3d29
0.4020281098472936,12,bffe5f91-3517-4466-ae10-08f6b402d461
0.23879930107417707,9,44f9f02d-8bc4-4d17-9356-33c10a8b227a
0.11302890382199142,6,d2558f28-9983-4646-811b-0a7fa077c034
0.11222165600145072,6,970e0a4b-8ecd-4701-9085-e8f13b4e4f82
0.0889102490686376,3,38514616-0dd6-4815-b76d-ac188ea70e1a
0.2375959566386104,9,3ff2e780-86ab-409d-8c8e-ebdd740a0891
0.3371499979424666,12,a7b1afd6-55ad-4375-93b6-e5f48ed7401c
0.23437614208953933,9,c80625f2-32c3-4592-83d0-4e16557ee35c
0.21024866995006458,4,20905f43-2afc-43d6-83dd-d0e2fcc4dd41
0.1858805466082527,4,72be625c-82ad-4f71-b55a-1de3a1a38e8c
0.5531505520923239,51,4d0aa28c-f53f-4e01-ae1e-a71d9204c888
0.30946945291603517,10,6f0dc7dd-673a-454f-aeeb-3b6a4ceb0eb7
0.24829683277119416,9,0414d56f-6773-4d39-b139-56eafb2d4d94
0.11112220118956889,2,8063b1f8-3c7c-417c-a78e-d42ec8eafb61
0.08065345120281951,1,cb0c5952-348f-40e9-9a36-a1f83bcd9d83
0.04121319261446856,0,0e1e333b-3958-477d-a0ec-518ade8f9486
0.7702171581911733,52,feddce5f-821b-4ff2-8927-ac8da0a25321
0.7452248117694145,41,d365617b-6694-4ec2-8091-7e3846b3a309
0.5024123643192007,13,fa4269f3-6764-4fe7-9210-682df47671a9
0.8394320683421786,84,3672edfd-9ed7-4a18-9f96-5424669db7c6
0.4239338670772998,11,7401bbb0-67cf-4bc7-9c17-663e53cb5787
0.6536146337160162,84,f3fad62e-1a60-4875-a217-6a196b481e77
0.23920827047203658,10,78631c4c-2f01-44b6-ac1d-01a20e54f105
0.40166113119990243,5,a66b19f7-9937-426f-9cf6-bf0097108a56
0.5510996918877962,52,3bf162cc-e012-4121-b0c9-c9e8b3a5b244
0.8667826340428257,84,7035955e-d306-44e2-a56c-8dd8f507115a
0.41463363526904945,13,bfb27b4a-ca1f-4dfe-b9a6-304ab22e34ff
0.11138009734139563,3,e2bc7dc9-779c-435e-b401-f01443e351ed
0.09929179135815622,2,327c1242-9761-4ac1-b778-9df8ecef3d29
0.4020281098472936,13,bffe5f91-3517-4466-ae10-08f6b402d461
0.23879930107417707,10,44f9f02d-8bc4-4d17-9356-33c10a8b227a
0.11302890382199142,7,d2558f28-9983-4646-811b-0a7fa077c034
0.2375959566386104,10,3ff2e780-86ab-409d-8c8e-ebdd740a0891
0.21024866995006458,5,20905f43-2afc-43d6-83dd-d0e2fcc4dd41
0.1858805466082527,5,72be625c-82ad-4f71-b55a-1de3a1a38e8c
0.11112220118956889,3,8063b1f8-3c7c-417c-a78e-d42ec8eafb61
0.6597143965654986,13,8f4d8342-014b-4948-ac3a-0e1066ff6178
0.8441766146639311,84,653e9305-4633-4989-8043-4019a712bd65
0.589132842140489,52,156e2391-f92d-47b8-8eba-71e61aea15e3
0.08898747753612697,4,bbe0603c-5634-448f-9854-5e9a7c4361db
0.3445988121626711,13,4988bc50-1701-4f25-b1d4-44a60b5ff8dc
0.23601963393450706,10,1fca4bd7-a1d7-46a6-8dda-cc75d0dd524f
0.252178289735778,10,2f019b83-f7cc-4829-b738-330d90729c01
0.11302533553844707,3,692da5b8-add7-43fb-a510-abf589242593
0.04582780065218676,1,8e829cf9-4bae-40f6-95fc-79706a582c19
0.05818712675552632,0,b6fd3097-6dca-4137-bcbc-36287c34cd45
0.7702171581911733,53,feddce5f-821b-4ff2-8927-ac8da0a25321
0.7452248117694145,42,d365617b-6694-4ec2-8091-7e3846b3a309
0.5024123643192007,14,fa4269f3-6764-4fe7-9210-682df47671a9
0.8394320683421786,85,3672edfd-9ed7-4a18-9f96-5424669db7c6
0.4239338670772998,12,7401bbb0-67cf-4bc7-9c17-663e53cb5787
0.6536146337160162,85,f3fad62e-1a60-4875-a217-6a196b481e77
0.40166113119990243,6,a66b19f7-9937-426f-9cf6-bf0097108a56
0.8667826340428257,85,7035955e-d306-44e2-a56c-8dd8f507115a
0.41463363526904945,14,bfb27b4a-ca1f-4dfe-b9a6-304ab22e34ff
0.11138009734139563,4,e2bc7dc9-779c-435e-b401-f01443e351ed
0.4020281098472936,14,bffe5f91-3517-4466-ae10-08f6b402d461
0.23879930107417707,11,44f9f02d-8bc4-4d17-9356-33c10a8b227a
0.1858805466082527,6,72be625c-82ad-4f71-b55a-1de3a1a38e8c
0.6597143965654986,14,8f4d8342-014b-4948-ac3a-0e1066ff6178
0.8441766146639311,85,653e9305-4633-4989-8043-4019a712bd65
0.11302533553844707,4,692da5b8-add7-43fb-a510-abf589242593
0.05818712675552632,1,b6fd3097-6dca-4137-bcbc-36287c34cd45
0.32430168419518207,42,4d1bacdb-39b0-4a86-9682-02216b1a9fbf
0.2374859642667192,11,7e34e52a-7c5a-4c0b-b47b-7a41f9e539df
0.15896170148338823,6,97c92196-b99d-4897-ae9c-3ed1ce5a78d1
0.1098897660016496,4,96823242-2c36-4a75-9857-d3473d527047
0.0996397042718828,3,b8f69c4b-dffb-4646-a559-29b5d4cda47d
0.23653553247472278,11,9ca79ef0-f085-4b71-b616-fb6c511f1757
0.2626656060550838,6,cde71e59-f4c2-4826-bd6f-e4f12e910870
0.4610173161552707,14,a36ee5d3-779f-43bb-a8de-c7b345573d8c
0.589674930485276,53,0df3c9c6-904f-45ac-9d75-4b9364e43cb4
0.1132001124998956,4,a8b8ab01-eef8-4c5f-9f99-1863ec6dd419
0.11515855966280134,2,6061142d-0f9f-47d7-9dd7-49d0943ad8f5
0.0406392236367864,1,1228cb3e-420d-489d-909d-909f97bfd66b
0.17948261364274004,0,84b28a20-4f21-4d35-aece-bdbe8713c401
0.7702171581911733,54,feddce5f-821b-4ff2-8927-ac8da0a25321
0.7452248117694145,43,d365617b-6694-4ec2-8091-7e3846b3a309
0.8394320683421786,86,3672edfd-9ed7-4a18-9f96-5424669db7c6
0.4239338670772998,13,7401bbb0-67cf-4bc7-9c17-663e53cb5787
0.40166113119990243,7,a66b19f7-9937-426f-9cf6-bf0097108a56
0.8667826340428257,86,7035955e-d306-44e2-a56c-8dd8f507115a
0.23879930107417707,12,44f9f02d-8bc4-4d17-9356-33c10a8b227a
0.6597143965654986,15,8f4d8342-014b-4948-ac3a-0e1066ff6178
0.8441766146639311,86,653e9305-4633-4989-8043-4019a712bd65
0.05818712675552632,2,b6fd3097-6dca-4137-bcbc-36287c34cd45
0.1098897660016496,5,96823242-2c36-4a75-9857-d3473d527047
0.0996397042718828,4,b8f69c4b-dffb-4646-a559-29b5d4cda47d
0.23653553247472278,12,9ca79ef0-f085-4b71-b616-fb6c511f1757
0.2626656060550838,7,cde71e59-f4c2-4826-bd6f-e4f12e910870
0.4610173161552707,15,a36ee5d3-779f-43bb-a8de-c7b345573d8c
0.589674930485276,54,0df3c9c6-904f-45ac-9d75-4b9364e43cb4
0.11515855966280134,3,6061142d-0f9f-47d7-9dd7-49d0943ad8f5
0.0406392236367864,2,1228cb3e-420d-489d-909d-909f97bfd66b
0.17948261364274004,1,84b28a20-4f21-4d35-aece-bdbe8713c401
0.3104667180341249,15,7433b3b5-3038-4cdd-93ac-c5a05ee67c36
0.3803946113088744,15,59d6e462-5261-4f1c-82e4-8baed183f781
0.11285914863609918,5,91b14576-7476-48ac-94a0-55529fbca3c0
0.2372555691751209,12,5826a637-9cce-40c4-aeb4-f9b4263ccb66
0.2148846294355222,7,de060a78-5660-4754-9bec-cdbe0e68789b
0.09401545739988731,4,9cfd5f8a-c4e4-464a-a962-4d27b5b7c593
0.3964681154528786,7,d56b9851-3d6e-44ac-8a04-1a9b900bb647
0.6014438998195895,54,f5b561b4-bc28-491d-b2ff-42e9a493b2cc
0.08591552086111211,3,0905d6c2-c6da-49db-8952-f43460ac3a09
0.18034562467752896,1,2c3f1201-7460-4b7f-a599-5498c7977c65
0.2528706657722223,0,b35b4b6e-edd0-4717-952e-1f92aa1c3b69
0.7702171581911733,55,feddce5f-821b-4ff2-8927-ac8da0a25321
0.7452248117694145,44,d365617b-6694-4ec2-8091-7e3846b3a309
0.8394320683421786,87,3672edfd-9ed7-4a18-9f96-5424669db7c6
0.4239338670772998,14,7401bbb0-67cf-4bc7-9c17-663e53cb5787
0.40166113119990243,8,a66b19f7-9937-426f-9cf6-bf0097108a56
0.8667826340428257,87,7035955e-d306-44e2-a56c-8dd8f507115a
0.23879930107417707,13,44f9f02d-8bc4-4d17-9356-33c10a8b227a
0.6597143965654986,16,8f4d8342-014b-4948-ac3a-0e1066ff6178
0.8441766146639311,87,653e9305-4633-4989-8043-4019a712bd65
0.23653553247472278,13,9ca79ef0-f085-4b71-b616-fb6c511f1757
0.589674930485276,55,0df3c9c6-904f-45ac-9d75-4b9364e43cb4
0.17948261364274004,2,84b28a20-4f21-4d35-aece-bdbe8713c401
0.3104667180341249,16,7433b3b5-3038-4cdd-93ac-c5a05ee67c36
0.3803946113088744,16,59d6e462-5261-4f1c-82e4-8baed183f781
0.11285914863609918,6,91b14576-7476-48ac-94a0-55529fbca3c0
0.2372555691751209,13,5826a637-9cce-40c4-aeb4-f9b4263ccb66
0.09401545739988731,5,9cfd5f8a-c4e4-464a-a962-4d27b5b7c593
0.3964681154528786,8,d56b9851-3d6e-44ac-8a04-1a9b900bb647
0.6014438998195895,55,f5b561b4-bc28-491d-b2ff-42e9a493b2cc
0.18034562467752896,2,2c3f1201-7460-4b7f-a599-5498c7977c65
0.2528706657722223,1,b35b4b6e-edd0-4717-952e-1f92aa1c3b69
0.7495006451809572,55,fa993192-6d00-4569-8723-a524ee8822f2
0.5365382454912943,16,15cc5606-a89e-4abf-ac0c-ee5910f85711
0.18025911821865184,2,4d8526d3-20e4-42d2-8b55-eb6232bdcda4
0.30630782606714374,16,64a9549b-ee6f-4171-8d65-179c3fa2f674
0.162100726450051,6,40166d0e-b792-4f7b-b544-687482bd3d2a
0.16953582315553245,8,4743b819-4fd7-4470-a574-3bb579f99bb7
0.13539225099432092,4,bf3a6bbc-3c30-44f7-9543-6865700f3d3b
0.28847953789539976,1,b4f6e03a-ee62-4329-8e62-6e33f9be4c84
0.050809614250116486,0,9aa4f330-01e9-4094-9f5e-2590a725bd5a
0.7702171581911733,56,feddce5f-821b-4ff2-8927-ac8da0a25321
0.7452248117694145,45,d365617b-6694-4ec2-8091-7e3846b3a309
0.8394320683421786,88,3672edfd-9ed7-4a18-9f96-5424669db7c6
0.4239338670772998,15,7401bbb0-67cf-4bc7-9c17-663e53cb5787
0.40166113119990243,9,a66b19f7-9937-426f-9cf6-bf0097108a56
0.8667826340428257,88,7035955e-d306-44e2-a56c-8dd8f507115a
0.6597143965654986,17,8f4d8342-014b-4948-ac3a-0e1066ff6178
0.8441766146639311,88,653e9305-4633-4989-8043-4019a712bd65
0.23653553247472278,14,9ca79ef0-f085-4b71-b616-fb6c511f1757
0.17948261364274004,3,84b28a20-4f21-4d35-aece-bdbe8713c401
0.3803946113088744,17,59d6e462-5261-4f1c-82e4-8baed183f781
0.3964681154528786,9,d56b9851-3d6e-44ac-8a04-1a9b900bb647
0.18034562467752896,3,2c3f1201-7460-4b7f-a599-5498c7977c65
0.2528706657722223,2,b35b4b6e-edd0-4717-952e-1f92aa1c3b69
0.7495006451809572,56,fa993192-6d00-4569-8723-a524ee8822f2
0.18025911821865184,3,4d8526d3-20e4-42d2-8b55-eb6232bdcda4
0.28847953789539976,2,b4f6e03a-ee62-4329-8e62-6e33f9be4c84
0.050809614250116486,1,9aa4f330-01e9-4094-9f5e-2590a725bd5a
0.025714721459931002,9,ed79a607-bd5d-42f1-97e0-7c76f6bdf816
0.2622354207083578,17,f3a99d2b-06f1-4210-8756-3ee9e56973cb
0.2127080523539825,14,66b6fdc3-2c7b-492b-937a-045fad96a0a6
0.3498567343628696,17,b4583a68-c09d-4704-8dc0-fc71689dd27c
0.09465674290090081,6,cb02d1b6-8960-4460-bd3a-58d553dc106b
0.2835807318280015,2,53920fc1-acdf-4ff7-a8d5-1607b2c29a57
0.31674893039374324,17,95d2eb35-4137-43b5-ace8-d888ca4d542c
0.1882175974430099,3,a4099d9c-8384-4162-83c0-33fc526cee20
0.16771888813040647,9,b5ce37cf-536a-4399-95ee-3111684b8ab6
0.24030322627020922,2,81aee30a-3981-4dfe-a057-55ea63f16d30
0.04270465783917231,1,961a3720-df26-4289-85ce-a190178b2212
0.07260749705926683,0,a39cda78-3661-4cb2-9347-465da1c94300
0.7702171581911733,57,feddce5f-821b-4ff2-8927-ac8da0a25321
0.7452248117694145,46,d365617b-6694-4ec2-8091-7e3846b3a309
0.8394320683421786,89,3672edfd-9ed7-4a18-9f96-5424669db7c6
0.4239338670772998,16,7401bbb0-67cf-4bc7-9c17-663e53cb5787
0.40166113119990243,10,a66b19f7-9937-426f-9cf6-bf0097108a56
0.8667826340428257,89,7035955e-d306-44e2-a56c-8dd8f507115a
0.6597143965654986,18,8f4d8342-014b-4948-ac3a-0e1066ff6178
0.23653553247472278,15,9ca79ef0-f085-4b71-b616-fb6c511f1757
0.17948261364274004,4,84b28a20-4f21-4d35-aece-bdbe8713c401
0.3803946113088744,18,59d6e462-5261-4f1c-82e4-8baed183f781
0.3964681154528786,10,d56b9851-3d6e-44ac-8a04-1a9b900bb647
0.2528706657722223,3,b35b4b6e-edd0-4717-952e-1f92aa1c3b69
0.7495006451809572,57,fa993192-6d00-4569-8723-a524ee8822f2
0.18025911821865184,4,4d8526d3-20e4-42d2-8b55-eb6232bdcda4
0.050809614250116486,2,9aa4f330-01e9-4094-9f5e-2590a725bd5a
0.2835807318280015,3,53920fc1-acdf-4ff7-a8d5-1607b2c29a57
0.31674893039374324,18,95d2eb35-4137-43b5-ace8-d888ca4d542c
0.16771888813040647,10,b5ce37cf-536a-4399-95ee-3111684b8ab6
0.07260749705926683,1,a39cda78-3661-4cb2-9347-465da1c94300
0.10960417084242569,16,be2abdec-37b3-4aae-b80c-12128bb8ca28
0.2319574862539193,15,9f6aba8a-9923-4200-8cf5-15ebe0829d8c
0.3803946113088744,18,07abb3b4-7461-408a-ade9-252564b94fe8
0.2812910120059184,10,9d9954e5-cc81-49c8-93d6-69954ea5dbf1
0.3262507078807409,3,b406529e-8e7a-4833-9982-1b159a53e151
0.35572457277760056,3,0081308e-6c72-442b-9ee5-0b1311e9eef6
0.04739878402962275,2,5c17ade9-a4c7-4457-92d5-aad69b8c715c
0.41733070850232706,18,e8c3aa35-8a91-4b18-8ebf-c0ed59fa25c3
0.23194969144424657,3,7cd68c4e-1b63-4900-9bf5-5e53bb12ca93
0.07923507394390938,1,4e587470-75dd-4bd8-836c-08607d8cc275
0.1738442467086228,0,0c3d13bb-d998-42db-bcc4-4d89c0c33409
0.7702171581911733,58,feddce5f-821b-4ff2-8927-ac8da0a25321
0.7452248117694145,47,d365617b-6694-4ec2-8091-7e3846b3a309
0.8394320683421786,90,3672edfd-9ed7-4a18-9f96-5424669db7c6
0.4239338670772998,17,7401bbb0-67cf-4bc7-9c17-663e53cb5787
0.40166113119990243,11,a66b19f7-9937-426f-9cf6-bf0097108a56
0.8667826340428257,90,7035955e-d306-44e2-a56c-8dd8f507115a
0.6597143965654986,19,8f4d8342-014b-4948-ac3a-0e1066ff6178
0.3964681154528786,11,d56b9851-3d6e-44ac-8a04-1a9b900bb647
0.2528706657722223,4,b35b4b6e-edd0-4717-952e-1f92aa1c3b69
0.7495006451809572,58,fa993192-6d00-4569-8723-a524ee8822f2
0.31674893039374324,19,95d2eb35-4137-43b5-ace8-d888ca4d542c
0.16771888813040647,11,b5ce37cf-536a-4399-95ee-3111684b8ab6
0.10960417084242569,17,be2abdec-37b3-4aae-b80c-12128bb8ca28
0.2812910120059184,11,9d9954e5-cc81-49c8-93d6-69954ea5dbf1
0.3262507078807409,4,b406529e-8e7a-4833-9982-1b159a53e151
0.35572457277760056,4,0081308e-6c72-442b-9ee5-0b1311e9eef6
0.07923507394390938,2,4e587470-75dd-4bd8-836c-08607d8cc275
0.1738442467086228,1,0c3d13bb-d998-42db-bcc4-4d89c0c33409
0.7702171581911733,58,766ae44a-b36b-432a-9c3d-bd24214ce2f3
0.3860700761134326,47,84076396-30ed-48cc-9652-08e8af1ce87d
0.2727869898132998,17,ebfbea07-ef41-4936-b209-1c6e229b3dab
0.2097251304461986,11,4208c4cb-bff2-4959-9eb5-0f5393f830a7
0.24141865347037722,16,7e290a56-9942-4f16-b24d-98f9fae67d60
0.3364124999893557,4,392f880c-da5f-4dba-b569-acc6aa745e99
0.26973983703481286,4,a31bfaf6-daf2-4959-8050-1758906fbd05
0.428909307526794,4,2bac1d7c-40b3-486f-8713-7b8cb156751b
0.0521916372917143,3,14f9f30b-91fd-49b2-a854-8fd09682e9f2
0.2578958601121158,2,cb51dba2-bff7-42b7-8999-8b14aabb6264
0.11486640791079829,1,65a71b41-4a3a-48b1-91f1-ac96b3b1f4da
0.20633620403976277,0,aaaa5077-71c0-4180-bf12-c9e43f7e5688
0.7702171581911733,59,feddce5f-821b-4ff2-8927-ac8da0a25321
0.7452248117694145,48,d365617b-6694-4ec2-8091-7e3846b3a309
0.8394320683421786,91,3672edfd-9ed7-4a18-9f96-5424669db7c6
0.4239338670772998,18,7401bbb0-67cf-4bc7-9c17-663e53cb5787
0.40166113119990243,12,a66b19f7-9937-426f-9cf6-bf0097108a56
0.8667826340428257,91,7035955e-d306-44e2-a56c-8dd8f507115a
0.6597143965654986,20,8f4d8342-014b-4948-ac3a-0e1066ff6178
0.7495006451809572,59,fa993192-6d00-4569-8723-a524ee8822f2
0.31674893039374324,20,95d2eb35-4137-43b5-ace8-d888ca4d542c
0.2812910120059184,12,9d9954e5-cc81-49c8-93d6-69954ea5dbf1
0.35572457277760056,5,0081308e-6c72-442b-9ee5-0b1311e9eef6
0.7702171581911733,59,766ae44a-b36b-432a-9c3d-bd24214ce2f3
0.2727869898132998,18,ebfbea07-ef41-4936-b209-1c6e229b3dab
0.3364124999893557,5,392f880c-da5f-4dba-b569-acc6aa745e99
0.428909307526794,5,2bac1d7c-40b3-486f-8713-7b8cb156751b
0.2578958601121158,3,cb51dba2-bff7-42b7-8999-8b14aabb6264
0.11486640791079829,2,65a71b41-4a3a-48b1-91f1-ac96b3b1f4da
0.20633620403976277,1,aaaa5077-71c0-4180-bf12-c9e43f7e5688
0.24375463602264208,48,f52eb5b1-18bf-43a6-aca3-1a525a8d981e
0.28102889062158376,5,9a834e2f-a48e-4a76-aac3-0d4c0d38b97c
0.2999991326348809,5,803b4653-a1fe-4e49-97c4-450471537ef2
0.31680869303843595,5,d43b4dba-9316-4c16-bd69-a6caa9b25b5c
0.23606112465244772,2,b5519747-78cd-4f78-ad25-50f6778452de
0.27597120267287606,18,1200e7ab-7699-4fca-b47b-f35d551fa194
0.4111234749971085,5,4214a78d-cbeb-48ad-a704-7c6f0ae6a662
0.19572211022635094,5,7cbb07c1-9217-42af-b771-15d6c11a5611
0.24518997309875,3,450c3f04-dad0-47ee-95c0-b9c92102833a
0.13900429922673344,2,a91b1ef2-9f15-4a4c-af67-a294dc493381
0.20682327794899413,1,bfec92a1-0fe2-4a47-b6ae-bce3d60f11bb
0.23176812251564177,0,3d765046-023c-4684-b517-704ee76a39b4
0.7702171581911733,60,feddce5f-821b-4ff2-8927-ac8da0a25321
0.7452248117694145,49,d365617b-6694-4ec2-8091-7e3846b3a309
0.8394320683421786,92,3672edfd-9ed7-4a18-9f96-5424669db7c6
0.4239338670772998,19,7401bbb0-67cf-4bc7-9c17-663e53cb5787
0.40166113119990243,13,a66b19f7-9937-426f-9cf6-bf0097108a56
0.8667826340428257,92,7035955e-d306-44e2-a56c-8dd8f507115a
0.6597143965654986,21,8f4d8342-014b-4948-ac3a-0e1066ff6178
0.35572457277760056,6,0081308e-6c72-442b-9ee5-0b1311e9eef6
0.7702171581911733,60,766ae44a-b36b-432a-9c3d-bd24214ce2f3
0.428909307526794,6,2bac1d7c-40b3-486f-8713-7b8cb156751b
0.2578958601121158,4,cb51dba2-bff7-42b7-8999-8b14aabb6264
0.20633620403976277,2,aaaa5077-71c0-4180-bf12-c9e43f7e5688
0.31680869303843595,6,d43b4dba-9316-4c16-bd69-a6caa9b25b5c
0.23606112465244772,3,b5519747-78cd-4f78-ad25-50f6778452de
0.4111234749971085,6,4214a78d-cbeb-48ad-a704-7c6f0ae6a662
0.19572211022635094,6,7cbb07c1-9217-42af-b771-15d6c11a5611
0.24518997309875,4,450c3f04-dad0-47ee-95c0-b9c92102833a
0.23176812251564177,1,3d765046-023c-4684-b517-704ee76a39b4
0.5246970116959903,60,7fe9c411-7c75-49e6-87e4-acc8ab8a33b8
0.22127937922019536,92,698b8a5f-633b-4b9d-8e86-cacb716ccf96
0.4236475339087614,13,e5e52f2c-7232-4bd6-9a20-0c8bdae23bcc
0.39551089639413833,6,3b662668-832c-43b9-9064-9ed86364cb06
0.33849974963730234,6,54311478-4075-4cbf-b8b8-46103c80e75f
0.1848032629402945,2,b15e9e7d-71bf-4796-a8af-6d6de1915a95
0.2949733108076659,6,d2ee4932-f881-4f4a-b0fd-e663ea1cb072
0.41121029232376954,6,0713654c-275e-4296-a1c8-96fbc1247cc2
0.06378627571325006,4,bd38eab6-1981-4518-8ef0-ad4576fc9923
0.24813893616362653,2,85aff2a2-a846-4ec4-b153-c3fa0fa23e6c
0.15451940965386013,1,042c3dfa-f0a4-4895-80b4-2d2f1c28c2fe
0.0075858749574964045,0,e0a5729f-627a-4fc2-863b-b94308e0105b
0.7702171581911733,61,feddce5f-821b-4ff2-8927-ac8da0a25321
0.7452248117694145,50,d365617b-6694-4ec2-8091-7e3846b3a309
0.8394320683421786,93,3672edfd-9ed7-4a18-9f96-5424669db7c6
0.4239338670772998,20,7401bbb0-67cf-4bc7-9c17-663e53cb5787
0.40166113119990243,14,a66b19f7-9937-426f-9cf6-bf0097108a56
0.8667826340428257,93,7035955e-d306-44e2-a56c-8dd8f507115a
0.6597143965654986,22,8f4d8342-014b-4948-ac3a-0e1066ff6178
0.35572457277760056,7,0081308e-6c72-442b-9ee5-0b1311e9eef6
0.7702171581911733,61,766ae44a-b36b-432a-9c3d-bd24214ce2f3
0.428909307526794,7,2bac1d7c-40b3-486f-8713-7b8cb156751b
0.2578958601121158,5,cb51dba2-bff7-42b7-8999-8b14aabb6264
0.20633620403976277,3,aaaa5077-71c0-4180-bf12-c9e43f7e5688
0.23176812251564177,2,3d765046-023c-4684-b517-704ee76a39b4
0.4236475339087614,14,e5e52f2c-7232-4bd6-9a20-0c8bdae23bcc
0.24813893616362653,3,85aff2a2-a846-4ec4-b153-c3fa0fa23e6c
0.15451940965386013,2,042c3dfa-f0a4-4895-80b4-2d2f1c28c2fe
0.0075858749574964045,1,e0a5729f-627a-4fc2-863b-b94308e0105b
0.32754338993838594,20,2479f276-3109-409b-856d-554155813a0c
0.6633933122635344,22,862a5889-03c1-4478-a519-8a35f0741e5e
0.33144313454109153,7,ee51c3e4-63aa-4ef9-93c5-49aec95c8b1e
0.30226286163429955,5,53802619-3236-4d6c-ba2c-f9630838ba10
0.2062968534995479,3,b06ae6e1-1e9c-45e3-9bf6-36c6ce29b182
0.2948903831300838,4,87309d24-c49d-478a-b266-0ed484d0af35
0.23386084765185317,5,d9d7013b-d34f-444b-9c07-6fa0b0d2baca
0.198169812093807,2,5153be4b-a676-4743-ae9b-068e4380290c
0.35336514461572505,61,725e0967-c96e-43ab-8482-1b5095d48ae6
0.3527421002654561,7,bdfe76be-2506-4c7e-99a1-03dda1060c7f
0.24259224442640923,3,4b7ab54b-82ae-4d42-bd9a-eec5dd249a45
0.007586687227938469,1,2d780b48-e5d4-4af5-ac90-f71368d5bbf5
0.141476621969801,0,e6214601-efe6-4448-9582-ebd3705d163e
0.7702171581911733,62,feddce5f-821b-4ff2-8927-ac8da0a25321
0.7452248117694145,51,d365617b-6694-4ec2-8091-7e3846b3a309
0.8394320683421786,94,3672edfd-9ed7-4a18-9f96-5424669db7c6
0.4239338670772998,21,7401bbb0-67cf-4bc7-9c17-663e53cb5787
0.40166113119990243,15,a66b19f7-9937-426f-9cf6-bf0097108a56
0.8667826340428257,94,7035955e-d306-44e2-a56c-8dd8f507115a
0.35572457277760056,8,0081308e-6c72-442b-9ee5-0b1311e9eef6
0.7702171581911733,62,766ae44a-b36b-432a-9c3d-bd24214ce2f3
0.23176812251564177,3,3d765046-023c-4684-b517-704ee76a39b4
0.4236475339087614,15,e5e52f2c-7232-4bd6-9a20-0c8bdae23bcc
0.15451940965386013,3,042c3dfa-f0a4-4895-80b4-2d2f1c28c2fe
0.6633933122635344,23,862a5889-03c1-4478-a519-8a35f0741e5e
0.30226286163429955,6,53802619-3236-4d6c-ba2c-f9630838ba10
0.2948903831300838,5,87309d24-c49d-478a-b266-0ed484d0af35
0.24259224442640923,4,4b7ab54b-82ae-4d42-bd9a-eec5dd249a45
0.007586687227938469,2,2d780b48-e5d4-4af5-ac90-f71368d5bbf5
0.5396052450947951,62,e24d4d94-888b-4670-9468-1ef3a79a648f
0.4877772617726152,51,60a45c00-8b1a-4914-8634-cb35be6324f4
0.26835931540042174,15,a20542e6-4cae-4bd1-b0f9-91a0daa516c2
0.5532910721262857,62,c388f421-261a-418c-8b5f-8268f5bb447b
0.3860331694577352,6,3d73f4a6-7e84-4b2f-ac2d-added4dc76fc
0.28142174780192325,4,2953714c-90a7-4d47-b8d3-7f5090309a38
0.25376793982572604,3,60109962-260b-40d2-8ba3-2d5102ca03f0
0.21200592090732803,4,5842d476-2be5-4fc3-bebc-13cc4029b2a8
0.03701313723832627,2,ce77f077-f2df-4695-a668-f38921a1bbcf
0.43789402790387183,8,e55111e3-3096-4f5f-8927-67e3ea3fc804
0.2536006397825912,5,7d7d2046-0026-4c98-bfd8-fe41260ef84c
0.0481840955130195,2,f7b1190c-8aed-4dce-b6d7-019cbd3d543e
0.163073681635674,1,d0c09a5b-5da1-47c9-bf9e-3da1dafd6e21
0.10648329291401934,0,24bc2bbd-e559-4ff2-8200-9cec46786b4a
0.7702171581911733,63,feddce5f-821b-4ff2-8927-ac8da0a25321
0.7452248117694145,52,d365617b-6694-4ec2-8091-7e3846b3a309
0.8394320683421786,95,3672edfd-9ed7-4a18-9f96-5424669db7c6
0.40166113119990243,16,a66b19f7-9937-426f-9cf6-bf0097108a56
0.8667826340428257,95,7035955e-d306-44e2-a56c-8dd8f507115a
0.35572457277760056,9,0081308e-6c72-442b-9ee5-0b1311e9eef6
0.7702171581911733,63,766ae44a-b36b-432a-9c3d-bd24214ce2f3
0.23176812251564177,4,3d765046-023c-4684-b517-704ee76a39b4
0.4236475339087614,16,e5e52f2c-7232-4bd6-9a20-0c8bdae23bcc
0.6633933122635344,24,862a5889-03c1-4478-a519-8a35f0741e5e
0.30226286163429955,7,53802619-3236-4d6c-ba2c-f9630838ba10
0.2948903831300838,6,87309d24-c49d-478a-b266-0ed484d0af35
0.4877772617726152,52,60a45c00-8b1a-4914-8634-cb35be6324f4
0.3860331694577352,7,3d73f4a6-7e84-4b2f-ac2d-added4dc76fc
0.28142174780192325,5,2953714c-90a7-4d47-b8d3-7f5090309a38
0.25376793982572604,4,60109962-260b-40d2-8ba3-2d5102ca03f0
0.43789402790387183,9,e55111e3-3096-4f5f-8927-67e3ea3fc804
0.163073681635674,2,d0c09a5b-5da1-47c9-bf9e-3da1dafd6e21
0.10648329291401934,1,24bc2bbd-e559-4ff2-8200-9cec46786b4a
0.8394320683421786,95,f2e08847-b17b-49e3-adb4-8ef27e9cee99
0.560984721545951,63,8e8ed40e-57b4-4301-82da-1442489ef3a6
0.23189994301293654,4,3fc44268-cc22-4530-a437-d97f0d75d540
0.3859510973369732,24,8a0ff87f-42b8-490a-bed8-c42936e4b386
0.1472761322701225,6,4f9c71e9-04af-4ba2-b5d2-f19de1340a71
0.5177334104879474,63,e5019a80-1030-47cd-a4fa-19cc8c4eb6d9
0.26745285167360094,5,6c5aaef3-2dcc-41ed-8e37-a4be9231fad8
0.21209748271376122,5,eb5f7e18-eb36-403a-bae2-e035c5141926
0.09868449650592291,3,3018e865-92c1-4b26-a00c-6f1451c88798
0.1649799053092345,2,7ee5e21d-788c-4cd5-b88f-9f9e93044246
0.11590126836108168,0,767600d9-0291-4874-9fe7-0fb0ef668b01
0.7702171581911733,64,feddce5f-821b-4ff2-8927-ac8da0a25321
0.7452248117694145,53,d365617b-6694-4ec2-8091-7e3846b3a309
0.8394320683421786,96,3672edfd-9ed7-4a18-9f96-5424669db7c6
0.40166113119990243,17,a66b19f7-9937-426f-9cf6-bf0097108a56
0.8667826340428257,96,7035955e-d306-44e2-a56c-8dd8f507115a
0.7702171581911733,64,766ae44a-b36b-432a-9c3d-bd24214ce2f3
0.23176812251564177,5,3d765046-023c-4684-b517-704ee76a39b4
0.6633933122635344,25,862a5889-03c1-4478-a519-8a35f0741e5e
0.2948903831300838,7,87309d24-c49d-478a-b266-0ed484d0af35
0.4877772617726152,53,60a45c00-8b1a-4914-8634-cb35be6324f4
0.3860331694577352,8,3d73f4a6-7e84-4b2f-ac2d-added4dc76fc
0.28142174780192325,6,2953714c-90a7-4d47-b8d3-7f5090309a38
0.25376793982572604,5,60109962-260b-40d2-8ba3-2d5102ca03f0
0.43789402790387183,10,e55111e3-3096-4f5f-8927-67e3ea3fc804
0.23189994301293654,5,3fc44268-cc22-4530-a437-d97f0d75d540
0.3859510973369732,25,8a0ff87f-42b8-490a-bed8-c42936e4b386
0.5177334104879474,64,e5019a80-1030-47cd-a4fa-19cc8c4eb6d9
0.1649799053092345,3,7ee5e21d-788c-4cd5-b88f-9f9e93044246
0.11590126836108168,1,767600d9-0291-4874-9fe7-0fb0ef668b01
0.44992411325109233,25,1a4ce16b-f5c6-40eb-a51e-a7252d315d7f
0.38073378955289156,8,8ea71459-627e-4266-ac6e-53d792470ede
0.27075884759774366,6,f651326b-6fb7-4b9e-b9b3-31019dd3ae37
0.22271072391042762,5,37b3f92f-4daa-4584-8926-3adcb31d93f1
0.4498350012009902,10,61a6de64-a56b-4c99-902c-ceb45be3d8de
0.09674696356520897,2,5074ea9c-31b9-4531-9af1-d4b3667b3716
0.8394254186402031,96,01bece66-bd3c-43a2-b55c-b361856df2f4
0.2736654519522385,6,e35f9c46-d7d7-42ff-9bfe-1369d79462c7
0.16888911286249644,3,4ec15cea-d8ec-4656-b6ca-22609d846adb
0.1150298823139823,1,fc195be6-0dd6-4550-8033-80c117b8ec8a
0.04699381257801665,0,489ced20-494a-45a5-b500-1016e4e8f342
0.7702171581911733,65,feddce5f-821b-4ff2-8927-ac8da0a25321
0.7452248117694145,54,d365617b-6694-4ec2-8091-7e3846b3a309
0.8667826340428257,97,7035955e-d306-44e2-a56c-8dd8f507115a
0.7702171581911733,65,766ae44a-b36b-432a-9c3d-bd24214ce2f3
0.23176812251564177,6,3d765046-023c-4684-b517-704ee76a39b4
0.2948903831300838,8,87309d24-c49d-478a-b266-0ed484d0af35
0.4877772617726152,54,60a45c00-8b1a-4914-8634-cb35be6324f4
0.3860331694577352,9,3d73f4a6-7e84-4b2f-ac2d-added4dc76fc
0.28142174780192325,7,2953714c-90a7-4d47-b8d3-7f5090309a38
0.25376793982572604,6,60109962-260b-40d2-8ba3-2d5102ca03f0
0.23189994301293654,6,3fc44268-cc22-4530-a437-d97f0d75d540
0.5177334104879474,65,e5019a80-1030-47cd-a4fa-19cc8c4eb6d9
0.1649799053092345,4,7ee5e21d-788c-4cd5-b88f-9f9e93044246
0.11590126836108168,2,767600d9-0291-4874-9fe7-0fb0ef668b01
0.44992411325109233,26,1a4ce16b-f5c6-40eb-a51e-a7252d315d7f
0.27075884759774366,7,f651326b-6fb7-4b9e-b9b3-31019dd3ae37
0.4498350012009902,11,61a6de64-a56b-4c99-902c-ceb45be3d8de
0.8394254186402031,97,01bece66-bd3c-43a2-b55c-b361856df2f4
0.2736654519522385,7,e35f9c46-d7d7-42ff-9bfe-1369d79462c7
0.16888911286249644,4,4ec15cea-d8ec-4656-b6ca-22609d846adb
0.912610327088325,97,9b3b2a61-3165-40e5-818e-0cf268bf2f8b
0.43932505142820566,26,fe13ad8a-e93d-4e2d-a048-f731891b6ef9
0.11861237391182532,2,952bceed-9e9c-445d-baf1-bf65bfffcfc9
0.2674198553171584,7,6a330eb1-4e7a-4b32-9a69-5cf0fa8d9a80
0.83939874250699,97,47fdc39d-13d7-484a-a41c-f40d85b6154a
0.28527571379526395,7,2dbda8ad-55ce-4305-80a2-69cae4b5020c
0.16179583340021025,4,5afd4cff-142e-491a-9a4f-a1207bbfc558
0.11972049025347016,2,3775a08f-aceb-49a4-ab7f-13e626535fd8
0.05369661910766525,1,79c1afcd-d039-4ac1-a1e2-e15f96d20f2b
0.10245066562060676,0,ba9a7a41-cef8-4ccd-8621-275ed90ddfdd
0.7702171581911733,66,feddce5f-821b-4ff2-8927-ac8da0a25321
0.7452248117694145,55,d365617b-6694-4ec2-8091-7e3846b3a309
0.8667826340428257,98,7035955e-d306-44e2-a56c-8dd8f507115a
0.7702171581911733,66,766ae44a-b36b-432a-9c3d-bd24214ce2f3
0.23176812251564177,7,3d765046-023c-4684-b517-704ee76a39b4
0.2948903831300838,9,87309d24-c49d-478a-b266-0ed484d0af35
0.4877772617726152,55,60a45c00-8b1a-4914-8634-cb35be6324f4
0.3860331694577352,10,3d73f4a6-7e84-4b2f-ac2d-added4dc76fc
0.28142174780192325,8,2953714c-90a7-4d47-b8d3-7f5090309a38
0.25376793982572604,7,60109962-260b-40d2-8ba3-2d5102ca03f0
0.23189994301293654,7,3fc44268-cc22-4530-a437-d97f0d75d540
0.5177334104879474,66,e5019a80-1030-47cd-a4fa-19cc8c4eb6d9
0.4498350012009902,12,61a6de64-a56b-4c99-902c-ceb45be3d8de
0.16888911286249644,5,4ec15cea-d8ec-4656-b6ca-22609d846adb
0.28527571379526395,8,2dbda8ad-55ce-4305-80a2-69cae4b5020c
0.11972049025347016,3,3775a08f-aceb-49a4-ab7f-13e626535fd8
0.05369661910766525,2,79c1afcd-d039-4ac1-a1e2-e15f96d20f2b
0.10245066562060676,1,ba9a7a41-cef8-4ccd-8621-275ed90ddfdd
0.5568069899753936,55,606be5ee-819c-436b-b5bc-b574e5ae983c
0.2801000122197339,10,0facea35-550f-4299-972c-083d0a4676de
0.26957042935733155,8,58afd6d3-2fa6-4f7e-8c4c-db25e276fdc8
0.8394254186402031,98,be0dbb82-cabb-46f8-b4d9-9dda276e106a
0.9277447026286497,98,714c3de5-488a-4a6a-90c9-0562aaecf517
0.4228508195310523,27,0b9c6dc5-428f-4ca5-9f8f-36019dcacee7
0.27471444977731696,8,0fe7a769-4347-4773-9145-6778046010ed
0.839097421571149,98,9b83419a-6003-4d43-a61b-b57499788db2
0.2824565047909801,8,9dc549c1-566c-4ba6-abfa-64d1ceda666d
0.17241193937352933,2,9267cf7f-77e3-4900-bd7d-624a5fa5f0a9
0.09222919859451255,1,a98c74e6-93b9-45ed-8f06-dee9cc7eb895
0.1086077547201441,0,24dfb42b-3c42-417a-a9e4-b8759c0822f4
0.7702171581911733,67,feddce5f-821b-4ff2-8927-ac8da0a25321
0.7452248117694145,56,d365617b-6694-4ec2-8091-7e3846b3a309
0.7702171581911733,67,766ae44a-b36b-432a-9c3d-bd24214ce2f3
0.23176812251564177,8,3d765046-023c-4684-b517-704ee76a39b4
0.2948903831300838,10,87309d24-c49d-478a-b266-0ed484d0af35
0.4877772617726152,56,60a45c00-8b1a-4914-8634-cb35be6324f4
0.3860331694577352,11,3d73f4a6-7e84-4b2f-ac2d-added4dc76fc
0.25376793982572604,8,60109962-260b-40d2-8ba3-2d5102ca03f0
0.23189994301293654,8,3fc44268-cc22-4530-a437-d97f0d75d540
0.4498350012009902,13,61a6de64-a56b-4c99-902c-ceb45be3d8de
0.16888911286249644,6,4ec15cea-d8ec-4656-b6ca-22609d846adb
0.28527571379526395,9,2dbda8ad-55ce-4305-80a2-69cae4b5020c
0.11972049025347016,4,3775a08f-aceb-49a4-ab7f-13e626535fd8
0.10245066562060676,2,ba9a7a41-cef8-4ccd-8621-275ed90ddfdd
0.9277447026286497,99,714c3de5-488a-4a6a-90c9-0562aaecf517
0.839097421571149,99,9b83419a-6003-4d43-a61b-b57499788db2
0.2824565047909801,9,9dc549c1-566c-4ba6-abfa-64d1ceda666d
0.17241193937352933,3,9267cf7f-77e3-4900-bd7d-624a5fa5f0a9
0.1086077547201441,1,24dfb42b-3c42-417a-a9e4-b8759c0822f4
0.22875031590488165,8,d88aecd3-d955-45e5-88b9-0334e8d76a65
0.2537685438274084,8,dc8c3f9a-4179-4924-a2e7-b92a186a0ff1
0.23120818261446177,8,fc240504-f4ee-4e5b-891a-4a7d02416770
0.3720155473060835,13,65ef10eb-f350-4c88-95b3-db7be2eb7c84
0.15876867803515402,6,bc0ad3f4-3cf5-4ace-985e-54cb22e526b8
0.2842288885975111,9,f9686a92-f692-4851-baaf-0d9d4db41779
0.09089774651195431,2,ed810c34-ad4e-41af-84ef-d868a624b7aa
0.8772244703703235,99,b4697105-9c5f-43e6-89b3-91f4cae82409
0.28775105510781196,28,2b55bccc-937a-4491-bc07-9b291f3d09e6
0.28612240685991625,9,ed85b7ad-30e7-432c-b477-9ba31feb6a92
0.15762533362667192,0,d3a751e0-22a6-4b3d-b26f-1e570f2d0dba
0.7702171581911733,68,feddce5f-821b-4ff2-8927-ac8da0a25321
0.7452248117694145,57,d365617b-6694-4ec2-8091-7e3846b3a309
0.7702171581911733,68,766ae44a-b36b-432a-9c3d-bd24214ce2f3
0.2948903831300838,11,87309d24-c49d-478a-b266-0ed484d0af35
0.4877772617726152,57,60a45c00-8b1a-4914-8634-cb35be6324f4
0.3860331694577352,12,3d73f4a6-7e84-4b2f-ac2d-added4dc76fc
0.23189994301293654,9,3fc44268-cc22-4530-a437-d97f0d75d540
0.4498350012009902,14,61a6de64-a56b-4c99-902c-ceb45be3d8de
0.16888911286249644,7,4ec15cea-d8ec-4656-b6ca-22609d846adb
0.28527571379526395,10,2dbda8ad-55ce-4305-80a2-69cae4b5020c
0.9277447026286497,100,714c3de5-488a-4a6a-90c9-0562aaecf517
0.839097421571149,100,9b83419a-6003-4d43-a61b-b57499788db2
0.17241193937352933,4,9267cf7f-77e3-4900-bd7d-624a5fa5f0a9
0.2537685438274084,9,dc8c3f9a-4179-4924-a2e7-b92a186a0ff1
0.3720155473060835,14,65ef10eb-f350-4c88-95b3-db7be2eb7c84
0.2842288885975111,10,f9686a92-f692-4851-baaf-0d9d4db41779
0.09089774651195431,3,ed810c34-ad4e-41af-84ef-d868a624b7aa
0.28612240685991625,10,ed85b7ad-30e7-432c-b477-9ba31feb6a92
0.47742814222331814,68,d373b0e3-f42a-4318-84a7-d27935937549
0.3118004950831952,57,6cb88935-e973-4a04-8331-6c54d2e76b26
0.2606837163362688,9,ab18dafd-3d8a-40ea-8241-b5f1a657f601
0.36147566699573114,57,42873979-fe95-43b6-8532-5b1ae25d3b17
0.3040099293279693,12,da8acaf7-c513-44a2-a22d-95fdd0f32845
0.2835885097946961,10,c34ee591-7a3e-4f6d-ac2a-cb8da60d42ff
0.17217903112126887,4,faf1b076-9504-47e5-95af-e972ae459c14
0.16606337450577668,9,9cc0be92-9beb-4f26-8248-c05f438b78d2
0.16368164929492657,7,3bd3f6e9-fcbd-406c-a794-43a169cf5f9a
0.747489585344166,100,ac8dde74-794c-4dbb-bfc3-9299c28b62a8
0.20029997034681177,1,415246fe-a74f-4f9b-ba49-86d231b0d218
0.17111605238317223,0,e329df5a-e673-4c89-918c-9cb8318797ef
0.7702171581911733,69,feddce5f-821b-4ff2-8927-ac8da0a25321
0.7452248117694145,58,d365617b-6694-4ec2-8091-7e3846b3a309
0.7702171581911733,69,766ae44a-b36b-432a-9c3d-bd24214ce2f3
0.2948903831300838,12,87309d24-c49d-478a-b266-0ed484d0af35
0.4877772617726152,58,60a45c00-8b1a-4914-8634-cb35be6324f4
0.3860331694577352,13,3d73f4a6-7e84-4b2f-ac2d-added4dc76fc
0.4498350012009902,15,61a6de64-a56b-4c99-902c-ceb45be3d8de
0.16888911286249644,8,4ec15cea-d8ec-4656-b6ca-22609d846adb
0.9277447026286497,101,714c3de5-488a-4a6a-90c9-0562aaecf517
0.839097421571149,101,9b83419a-6003-4d43-a61b-b57499788db2
0.2842288885975111,11,f9686a92-f692-4851-baaf-0d9d4db41779
0.28612240685991625,11,ed85b7ad-30e7-432c-b477-9ba31feb6a92
0.47742814222331814,69,d373b0e3-f42a-4318-84a7-d27935937549
0.2606837163362688,10,ab18dafd-3d8a-40ea-8241-b5f1a657f601
0.16368164929492657,8,3bd3f6e9-fcbd-406c-a794-43a169cf5f9a
0.747489585344166,101,ac8dde74-794c-4dbb-bfc3-9299c28b62a8
0.20029997034681177,2,415246fe-a74f-4f9b-ba49-86d231b0d218
0.17111605238317223,1,e329df5a-e673-4c89-918c-9cb8318797ef
0.6015753388242264,69,3ce53483-e74f-43fa-a6d7-167e2209ad1a
0.45762392043493383,58,e517609e-06aa-427c-b4c5-6bc8ec81e7ca
0.36642583554905567,10,bb6b6d82-ebe0-4430-a5f2-f552bf05e739
0.29635394642022117,11,0f4fbd4f-cc2f-475c-8c8a-732fdf1b9aea
0.8392508565370048,101,9007106d-ad35-4676-a7fe-b3b2452c26d4
0.18927574189292448,5,a8023c28-f7ad-4da6-bfe3-106965bdfed8
0.47390660396813544,15,153ef9e9-da50-417c-8747-cf68f8423d4b
0.31208744645100533,11,e42178b9-feea-4198-9f7b-dfae57dfd09c
0.32457893274154864,13,466a5b58-4b43-43c6-a5e2-d730eb88a2ec
0.3226264543393598,5,5215b040-0093-41e0-87fe-aef5db3da579
0.15443821304463673,1,6dec4740-907a-49f2-a77c-1ea7866aa2a1
0.05114388449028731,0,262f6e2d-979e-4023-8011-47c689401d67
0.7702171581911733,70,feddce5f-821b-4ff2-8927-ac8da0a25321
0.7452248117694145,59,d365617b-6694-4ec2-8091-7e3846b3a309
0.7702171581911733,70,766ae44a-b36b-432a-9c3d-bd24214ce2f3
0.2948903831300838,13,87309d24-c49d-478a-b266-0ed484d0af35
0.3860331694577352,14,3d73f4a6-7e84-4b2f-ac2d-added4dc76fc
0.16888911286249644,9,4ec15cea-d8ec-4656-b6ca-22609d846adb
0.9277447026286497,102,714c3de5-488a-4a6a-90c9-0562aaecf517
0.16368164929492657,9,3bd3f6e9-fcbd-406c-a794-43a169cf5f9a
0.747489585344166,102,ac8dde74-794c-4dbb-bfc3-9299c28b62a8
0.45762392043493383,59,e517609e-06aa-427c-b4c5-6bc8ec81e7ca
0.36642583554905567,11,bb6b6d82-ebe0-4430-a5f2-f552bf05e739
0.47390660396813544,16,153ef9e9-da50-417c-8747-cf68f8423d4b
0.31208744645100533,12,e42178b9-feea-4198-9f7b-dfae57dfd09c
0.32457893274154864,14,466a5b58-4b43-43c6-a5e2-d730eb88a2ec
0.3226264543393598,6,5215b040-0093-41e0-87fe-aef5db3da579
0.05114388449028731,1,262f6e2d-979e-4023-8011-47c689401d67
0.6303445547161132,70,fbb5420d-5e36-48df-ac5e-cfbcf72b7d79
0.5943949415771917,70,2b4dd61a-e819-4d13-a8cf-875fec028ff1
0.747489585344166,102,6d19a810-00bc-4978-961b-d153c00d206c
0.17376870519997184,3,19005491-7d26-4906-9a3e-d5e2d677793c
0.16576140374381443,2,d87c495b-0b08-4f19-ab0e-28cb5bc8e3eb
0.4115280459270879,59,350236c1-117d-47c5-ab75-59be211adcd0
0.2975705675475844,12,587614e3-7663-4f31-95c1-16bb6725f790
0.844807283082539,102,1c03498c-65f1-46e3-9c26-a286583e3094
0.1885239354632057,6,db6304af-3406-4e69-a70a-8b0b682dd028
0.4783273465793112,16,50c680f4-4d21-4557-b0d1-212fe2452129
0.31369522884547874,12,ceae9bb3-aca7-49bd-b8d6-ec7e63c49f75
0.30418146114330774,6,01873233-e54b-42a1-bf6f-4c7184751184
0.0547486733582919,1,904fdf80-11b4-46d2-ac48-d39695e00ea8
0.30930239778749136,0,ab1213d0-8114-4492-8489-fae5910d02c0
0.7702171581911733,71,feddce5f-821b-4ff2-8927-ac8da0a25321
0.7452248117694145,60,d365617b-6694-4ec2-8091-7e3846b3a309
0.7702171581911733,71,766ae44a-b36b-432a-9c3d-bd24214ce2f3
0.3860331694577352,15,3d73f4a6-7e84-4b2f-ac2d-added4dc76fc
0.9277447026286497,103,714c3de5-488a-4a6a-90c9-0562aaecf517
0.36642583554905567,12,bb6b6d82-ebe0-4430-a5f2-f552bf05e739
0.47390660396813544,17,153ef9e9-da50-417c-8747-cf68f8423d4b
0.31208744645100533,13,e42178b9-feea-4198-9f7b-dfae57dfd09c
0.32457893274154864,15,466a5b58-4b43-43c6-a5e2-d730eb88a2ec
0.747489585344166,103,6d19a810-00bc-4978-961b-d153c00d206c
0.16576140374381443,3,d87c495b-0b08-4f19-ab0e-28cb5bc8e3eb
0.844807283082539,103,1c03498c-65f1-46e3-9c26-a286583e3094
0.1885239354632057,7,db6304af-3406-4e69-a70a-8b0b682dd028
0.4783273465793112,17,50c680f4-4d21-4557-b0d1-212fe2452129
0.31369522884547874,13,ceae9bb3-aca7-49bd-b8d6-ec7e63c49f75
0.0547486733582919,2,904fdf80-11b4-46d2-ac48-d39695e00ea8
0.30930239778749136,1,ab1213d0-8114-4492-8489-fae5910d02c0
0.3987029100298389,71,7f3457fa-b9e7-4b52-98eb-c5c11b9dc6c5
0.5423255371830649,71,df093dde-3d81-4816-ae38-0d05a763e2de
0.5112027137969976,103,1e26997c-3cf7-4ea6-930a-5ae27f9b5ad8
0.32995665848023936,12,4e355cab-0756-4285-a34c-e12100f37bcc
0.5073200691695995,15,4287e3ae-6fa8-4283-b47c-d738e5b276c8
0.3435865291218389,7,7221e4ff-79dd-48e8-93de-247c3b5b0c68
0.5311020288746015,71,3ecefe42-b1b1-4147-8c55-f99b7adc719b
0.1844483985150565,4,f4bc8af5-a819-43c7-a7d6-369974da49d6
0.7880627527170602,103,22a28772-2fd5-423d-8c2b-382b32256576
0.21151226384025,7,d1695bee-1d58-4a40-866d-257c2ede21dc
0.3143597138022835,13,db3173e8-1c28-466f-8315-bc5f4b3dea2c
0.31069171773363047,1,b678cb6b-ac4c-4d37-964b-4e604c9c8883
0.12860610453506466,0,0a8c7b99-87a3-42aa-8eff-4afde6d8802c
0.7702171581911733,72,feddce5f-821b-4ff2-8927-ac8da0a25321
0.7452248117694145,61,d365617b-6694-4ec2-8091-7e3846b3a309
0.7702171581911733,72,766ae44a-b36b-432a-9c3d-bd24214ce2f3
0.3860331694577352,16,3d73f4a6-7e84-4b2f-ac2d-added4dc76fc
0.9277447026286497,104,714c3de5-488a-4a6a-90c9-0562aaecf517
0.36642583554905567,13,bb6b6d82-ebe0-4430-a5f2-f552bf05e739
0.31208744645100533,14,e42178b9-feea-4198-9f7b-dfae57dfd09c
0.16576140374381443,4,d87c495b-0b08-4f19-ab0e-28cb5bc8e3eb
0.844807283082539,104,1c03498c-65f1-46e3-9c26-a286583e3094
0.4783273465793112,18,50c680f4-4d21-4557-b0d1-212fe2452129
0.31369522884547874,14,ceae9bb3-aca7-49bd-b8d6-ec7e63c49f75
0.5423255371830649,72,df093dde-3d81-4816-ae38-0d05a763e2de
0.5073200691695995,16,4287e3ae-6fa8-4283-b47c-d738e5b276c8
0.3435865291218389,8,7221e4ff-79dd-48e8-93de-247c3b5b0c68
0.5311020288746015,72,3ecefe42-b1b1-4147-8c55-f99b7adc719b
0.1844483985150565,5,f4bc8af5-a819-43c7-a7d6-369974da49d6
0.7880627527170602,104,22a28772-2fd5-423d-8c2b-382b32256576
0.31069171773363047,2,b678cb6b-ac4c-4d37-964b-4e604c9c8883
0.12860610453506466,1,0a8c7b99-87a3-42aa-8eff-4afde6d8802c
0.360261534965459,16,564461c2-13a7-43f4-8648-595acf73a181
0.31700484665367407,13,8e4a5d7f-e867-480b-bce3-b11f248a3c25
0.7148115176167754,104,b0b9d98f-fa73-4ff9-a60a-87f0e093609a
0.23848916197378922,8,5f3c873d-0d3e-40a1-8bb8-9b9ce865bd28
0.3094654823347351,2,ae1b3624-886b-429b-bbbd-f20be1be480a
0.49068624073469364,8,07905b09-b4b8-4900-8d88-9acc8138643e
0.5894233603708964,72,3f2dc3ce-2336-4e53-92d8-75bc13cdd9ae
0.218042570051563,5,8187e107-4b1a-40fc-a2f2-d07a11666698
0.3107541987427775,2,e55ab716-305f-49fa-afa5-538b7dd27fd3
0.14754835001371683,1,d6be08d4-59f5-46c5-8306-da7bd0a21c5d
0.07659291261742508,0,5e1b1157-5c1a-4a65-be0c-164566665083
0.7702171581911733,73,feddce5f-821b-4ff2-8927-ac8da0a25321
0.7452248117694145,62,d365617b-6694-4ec2-8091-7e3846b3a309
0.7702171581911733,73,766ae44a-b36b-432a-9c3d-bd24214ce2f3
0.3860331694577352,17,3d73f4a6-7e84-4b2f-ac2d-added4dc76fc
0.9277447026286497,105,714c3de5-488a-4a6a-90c9-0562aaecf517
0.31208744645100533,15,e42178b9-feea-4198-9f7b-dfae57dfd09c
0.16576140374381443,5,d87c495b-0b08-4f19-ab0e-28cb5bc8e3eb
0.844807283082539,105,1c03498c-65f1-46e3-9c26-a286583e3094
0.3435865291218389,9,7221e4ff-79dd-48e8-93de-247c3b5b0c68
0.5311020288746015,73,3ecefe42-b1b1-4147-8c55-f99b7adc719b
0.7880627527170602,105,22a28772-2fd5-423d-8c2b-382b32256576
0.31069171773363047,3,b678cb6b-ac4c-4d37-964b-4e604c9c8883
0.12860610453506466,2,0a8c7b99-87a3-42aa-8eff-4afde6d8802c
0.49068624073469364,9,07905b09-b4b8-4900-8d88-9acc8138643e
0.5894233603708964,73,3f2dc3ce-2336-4e53-92d8-75bc13cdd9ae
0.218042570051563,6,8187e107-4b1a-40fc-a2f2-d07a11666698
0.3107541987427775,3,e55ab716-305f-49fa-afa5-538b7dd27fd3
0.14754835001371683,2,d6be08d4-59f5-46c5-8306-da7bd0a21c5d
0.07659291261742508,1,5e1b1157-5c1a-4a65-be0c-164566665083
0.3656543233541582,62,b6ccba0d-090f-4af0-a7e6-a92c887612f2
0.271599958414166,15,a967e407-d0f9-4ae4-93bf-ebe79e7e4a12
0.29545635225836714,3,4a7d3df4-7524-4e71-bb7a-4c51fe7a8026
0.34472773622273756,14,7b2514e6-3ced-4159-987e-569f441c09df
0.27383394191413546,105,25c2dee8-cc68-40a5-bac8-fb57aec31bed
0.21055934095379572,9,300c1020-0ff6-46db-9a38-2608d5b15ae4
0.31097207703914714,3,264e8eb6-69ba-419c-8476-27a1b389bd70
0.5314784440508784,9,31ce50cf-125e-4d71-9cd7-5cabfbec8c59
0.3070029152189534,3,2bcfdf01-77c0-4a0b-a5bd-72bfafbbacd1
0.0833332252332718,1,e475bf3e-a284-4c82-bea3-67507b14fc68
0.21710155789731042,0,58152f51-5f1a-4691-acf3-0f96e427e410
0.7702171581911733,74,feddce5f-821b-4ff2-8927-ac8da0a25321
0.7452248117694145,63,d365617b-6694-4ec2-8091-7e3846b3a309
0.7702171581911733,74,766ae44a-b36b-432a-9c3d-bd24214ce2f3
0.9277447026286497,106,714c3de5-488a-4a6a-90c9-0562aaecf517
0.16576140374381443,6,d87c495b-0b08-4f19-ab0e-28cb5bc8e3eb
0.7880627527170602,106,22a28772-2fd5-423d-8c2b-382b32256576
0.31069171773363047,4,b678cb6b-ac4c-4d37-964b-4e604c9c8883
0.5894233603708964,74,3f2dc3ce-2336-4e53-92d8-75bc13cdd9ae
0.218042570051563,7,8187e107-4b1a-40fc-a2f2-d07a11666698
0.07659291261742508,2,5e1b1157-5c1a-4a65-be0c-164566665083
0.34472773622273756,15,7b2514e6-3ced-4159-987e-569f441c09df
0.31097207703914714,4,264e8eb6-69ba-419c-8476-27a1b389bd70
0.5314784440508784,10,31ce50cf-125e-4d71-9cd7-5cabfbec8c59
0.3070029152189534,4,2bcfdf01-77c0-4a0b-a5bd-72bfafbbacd1
0.0833332252332718,2,e475bf3e-a284-4c82-bea3-67507b14fc68
0.21710155789731042,1,58152f51-5f1a-4691-acf3-0f96e427e410
0.7200737513428882,106,c266c767-e138-4af0-a4f8-d942a735e1ec
0.22133457843130985,3,a1322538-fe65-4e03-bd87-c6977c457574
0.5180904926031263,10,4d82a706-2f66-45b7-bd12-ad0a0b8e2f0b
0.3068519531158837,4,d7fc2be3-0276-4b34-b61d-ba43b8ce43bb
0.1328229439487459,3,35eff0e2-7dde-4cc4-8e6a-665a4f4ff279
0.12904219409744866,2,abc92c2f-7013-47f6-b0f7-70ccded8ec21
0.24308236003386344,16,8ac6257f-1c55-42f4-ab25-657e578bc306
0.3039200894159735,4,99b1760f-f975-4e9d-b82b-57fcf268a6bb
0.3131612920561378,4,45584304-9cf3-4ee4-b2f2-a23773165b11
0.551036652541355,10,db0aea6f-86e6-4f37-9eb2-01e7aec7a765
0.30726802045691015,4,031adb7c-7d55-4e72-b529-4c0890623f04
0.09787627229846041,2,b66300c3-488c-4574-b212-1c7207d50c12
0.26453535642459114,1,1ed11bf2-9385-46b5-9a5c-77f4701a578a
0.10522869240820625,0,8e019be3-296a-4829-a214-cab23c78ef58
0.7702171581911733,75,feddce5f-821b-4ff2-8927-ac8da0a25321
0.7452248117694145,64,d365617b-6694-4ec2-8091-7e3846b3a309
0.7702171581911733,75,766ae44a-b36b-432a-9c3d-bd24214ce2f3
0.9277447026286497,107,714c3de5-488a-4a6a-90c9-0562aaecf517
0.7880627527170602,107,22a28772-2fd5-423d-8c2b-382b32256576
0.31069171773363047,5,b678cb6b-ac4c-4d37-964b-4e604c9c8883
0.5894233603708964,75,3f2dc3ce-2336-4e53-92d8-75bc13cdd9ae
0.34472773622273756,16,7b2514e6-3ced-4159-987e-569f441c09df
0.5314784440508784,11,31ce50cf-125e-4d71-9cd7-5cabfbec8c59
0.3070029152189534,5,2bcfdf01-77c0-4a0b-a5bd-72bfafbbacd1
0.0833332252332718,3,e475bf3e-a284-4c82-bea3-67507b14fc68
0.22133457843130985,4,a1322538-fe65-4e03-bd87-c6977c457574
0.5180904926031263,11,4d82a706-2f66-45b7-bd12-ad0a0b8e2f0b
0.1328229439487459,4,35eff0e2-7dde-4cc4-8e6a-665a4f4ff279
0.3131612920561378,5,45584304-9cf3-4ee4-b2f2-a23773165b11
0.551036652541355,11,db0aea6f-86e6-4f37-9eb2-01e7aec7a765
0.26453535642459114,2,1ed11bf2-9385-46b5-9a5c-77f4701a578a
0.10522869240820625,1,8e019be3-296a-4829-a214-cab23c78ef58
0.6637106629373267,75,e61175a1-f1ac-48e7-a3a1-66a8ec0b207c
0.29513495849035914,64,6bdbe216-3cd4-4feb-aacc-367cf923e2c6
0.6459242354434287,107,500ffbf0-cb7c-4794-ada9-73a2ca8e0dc6
0.6741140642314586,107,6ffa5adf-4c1f-4232-b924-78fbe701973c
0.2853212121250186,5,e4a3855f-70cb-471c-920e-a86a6c203bfa
0.29408841831504445,8,98d562d4-e2a8-405a-9e06-bbacf860f061
0.31226725813992434,5,8ee6e323-d731-4626-a06e-329ba805e01b
0.4685550679296235,11,de8fa36d-9159-4456-a8c0-fd438298649f
0.3111402584972501,5,bad64347-b1dc-4966-9fca-a86dad92247a
0.1866484349227618,4,71206042-8191-4293-8bb1-6df99a41aecf
0.3058903505735525,5,994745f7-6857-4c80-a647-125c737b01af
0.2668013433140516,0,84d7fd22-fc6c-49ac-840c-3531537257f9
0.7702171581911733,76,feddce5f-821b-4ff2-8927-ac8da0a25321
0.7452248117694145,65,d365617b-6694-4ec2-8091-7e3846b3a309
0.7702171581911733,76,766ae44a-b36b-432a-9c3d-bd24214ce2f3
0.9277447026286497,108,714c3de5-488a-4a6a-90c9-0562aaecf517
0.31069171773363047,6,b678cb6b-ac4c-4d37-964b-4e604c9c8883
0.5314784440508784,12,31ce50cf-125e-4d71-9cd7-5cabfbec8c59
0.0833332252332718,4,e475bf3e-a284-4c82-bea3-67507b14fc68
0.22133457843130985,5,a1322538-fe65-4e03-bd87-c6977c457574
0.1328229439487459,5,35eff0e2-7dde-4cc4-8e6a-665a4f4ff279
0.551036652541355,12,db0aea6f-86e6-4f37-9eb2-01e7aec7a765
0.26453535642459114,3,1ed11bf2-9385-46b5-9a5c-77f4701a578a
0.10522869240820625,2,8e019be3-296a-4829-a214-cab23c78ef58
0.31226725813992434,6,8ee6e323-d731-4626-a06e-329ba805e01b
0.4685550679296235,12,de8fa36d-9159-4456-a8c0-fd438298649f
0.3111402584972501,6,bad64347-b1dc-4966-9fca-a86dad92247a
0.3058903505735525,6,994745f7-6857-4c80-a647-125c737b01af
0.2668013433140516,1,84d7fd22-fc6c-49ac-840c-3531537257f9
0.5633843765227542,76,980cec59-33b5-473d-b371-e125ec9a2aad
0.32758305287241535,76,50921fca-fec9-4fbe-95bf-f575fb05aa2e
0.5314784440508784,12,c7253d3a-eb04-4fed-83c5-6ac842ca9b65
0.15664541088354184,5,3b636fe2-0022-4d55-899a-bee2f1807e14
0.31319842327524094,6,0a6f4bdf-cac3-4ae9-9dbe-1e5df446aeac
0.252858920522561,3,3610ff05-ac19-452f-8213-e846206c9ffa
0.12283840609742427,2,297a3062-7f6a-425c-994e-4d0bebe8049d
0.810350792456391,108,73708d81-86bd-48ab-9e4c-eae323a45b31
0.2928452691683384,6,08990386-6761-420c-b23f-31d390b922e5
0.30312373058503694,6,1d1addbe-39a4-4803-8e14-436a97179e99
0.4663780711819982,12,d28a1ab5-faed-4712-ab2f-f2eb782cd848
0.1311848721695734,1,cc17097c-7506-4909-bad1-76ee92c04e08
0.03520978799804088,0,6a3cad65-9702-4c51-9450-d93f709c9c83
0.7702171581911733,77,feddce5f-821b-4ff2-8927-ac8da0a25321
0.7452248117694145,66,d365617b-6694-4ec2-8091-7e3846b3a309
0.7702171581911733,77,766ae44a-b36b-432a-9c3d-bd24214ce2f3
0.9277447026286497,109,714c3de5-488a-4a6a-90c9-0562aaecf517
0.5314784440508784,13,31ce50cf-125e-4d71-9cd7-5cabfbec8c59
0.551036652541355,13,db0aea6f-86e6-4f37-9eb2-01e7aec7a765
0.26453535642459114,4,1ed11bf2-9385-46b5-9a5c-77f4701a578a
0.31226725813992434,7,8ee6e323-d731-4626-a06e-329ba805e01b
0.4685550679296235,13,de8fa36d-9159-4456-a8c0-fd438298649f
0.2668013433140516,2,84d7fd22-fc6c-49ac-840c-3531537257f9
0.5314784440508784,13,c7253d3a-eb04-4fed-83c5-6ac842ca9b65
0.31319842327524094,7,0a6f4bdf-cac3-4ae9-9dbe-1e5df446aeac
0.12283840609742427,3,297a3062-7f6a-425c-994e-4d0bebe8049d
0.810350792456391,109,73708d81-86bd-48ab-9e4c-eae323a45b31
0.03520978799804088,1,6a3cad65-9702-4c51-9450-d93f709c9c83
0.7494868175381894,77,cf7a2ee3-b611-4815-92f0-ced26d47750f
0.6808494194635781,109,ff5789b8-20e5-41a6-b238-af1ab634844a
0.4757573871894679,13,90f26777-a717-47fd-8b4b-c0368aa2a50e
0.2714162411824334,4,74fcbc34-afc5-4a78-9467-25668d16840b
0.3121287860116837,7,d9dcdd4c-a11a-4c1d-a678-adb556db8ab5
0.21067674883358745,2,19574efc-38dc-49f3-a878-c809893f8915
0.1639776165216219,6,d6dd9d84-ea86-4246-b62a-8db3616b3f87
0.31371877458887737,7,9a2bec50-b649-4721-8996-69fe44b2dcfe
0.2675925707787474,4,df55cb3d-3d3c-48d6-895d-300f48498cd0
0.12091537984177983,3,544296ef-6e21-4c20-ad1c-dce2584675a5
0.31421908762889494,7,eee0bacb-3336-4e55-9c57-1e95a5232b7e
0.49408206308733676,13,d03d9d4e-f77f-4121-9a14-d9619699235f
0.25997049572135666,2,606a3bdd-f091-447c-b3d0-51d718cfdb4b
0.038528559839526015,1,3df291c2-b1f8-4cb7-8a49-96f8f91fc3da
0.09778978940065916,0,1012715f-68c3-41a3-828c-f8eb80dffb6f
0.7702171581911733,78,feddce5f-821b-4ff2-8927-ac8da0a25321
0.7452248117694145,67,d365617b-6694-4ec2-8091-7e3846b3a309
0.7702171581911733,78,766ae44a-b36b-432a-9c3d-bd24214ce2f3
0.9277447026286497,110,714c3de5-488a-4a6a-90c9-0562aaecf517
0.5314784440508784,14,31ce50cf-125e-4d71-9cd7-5cabfbec8c59
0.551036652541355,14,db0aea6f-86e6-4f37-9eb2-01e7aec7a765
0.2668013433140516,3,84d7fd22-fc6c-49ac-840c-3531537257f9
0.5314784440508784,14,c7253d3a-eb04-4fed-83c5-6ac842ca9b65
0.12283840609742427,4,297a3062-7f6a-425c-994e-4d0bebe8049d
0.03520978799804088,2,6a3cad65-9702-4c51-9450-d93f709c9c83
0.2714162411824334,5,74fcbc34-afc5-4a78-9467-25668d16840b
0.31371877458887737,8,9a2bec50-b649-4721-8996-69fe44b2dcfe
0.12091537984177983,4,544296ef-6e21-4c20-ad1c-dce2584675a5
0.31421908762889494,8,eee0bacb-3336-4e55-9c57-1e95a5232b7e
0.49408206308733676,14,d03d9d4e-f77f-4121-9a14-d9619699235f
0.25997049572135666,3,606a3bdd-f091-447c-b3d0-51d718cfdb4b
0.5961294134158732,78,e33638fb-40b0-47b9-8195-012e7d7fde1f
0.2710771018399237,5,2b9d670e-adcd-4e6a-96d2-24ba32af1151
0.3109125312901579,8,8f9cc7dc-e8f7-49f2-9681-85a790f5a3cd
0.12860126116963982,4,22420723-638d-45e8-b463-7adf3d36c494
0.6841386780349876,110,18d3526d-7133-4b77-97d6-1a2e788f7925
0.0458002223640687,2,8ff0750b-d43b-4736-b5fa-7f8cc7131eb8
0.6343988442979301,14,7843532d-59fe-40ee-b157-4d298502fe3b
0.31321398815936324,8,ea84410e-cbc8-454c-bc45-7e05b2e7c639
0.31502944117802145,8,aa48ed26-29d6-49e8-be2d-84dd2a4c6628
0.5387452380727924,14,2d18ae41-c3e2-4f63-931e-080c1d76a117
0.297034475540814,3,e1e8afa0-d41b-4762-a24c-318aff4ff552
0.03060053124992435,2,4dcf7b6e-f1af-42a8-b1db-44d20bc8dfef
0.09729261695771775,1,ad88c15d-5ede-467c-9f68-0cc79e81effd
0.17337689546647345,0,6b110856-fded-44e9-83dc-d532a5b6290d
0.7702171581911733,79,feddce5f-821b-4ff2-8927-ac8da0a25321
0.7452248117694145,68,d365617b-6694-4ec2-8091-7e3846b3a309
0.7702171581911733,79,766ae44a-b36b-432a-9c3d-bd24214ce2f3
0.9277447026286497,111,714c3de5-488a-4a6a-90c9-0562aaecf517
0.5314784440508784,15,31ce50cf-125e-4d71-9cd7-5cabfbec8c59
0.2668013433140516,4,84d7fd22-fc6c-49ac-840c-3531537257f9
0.5314784440508784,15,c7253d3a-eb04-4fed-83c5-6ac842ca9b65
0.03520978799804088,3,6a3cad65-9702-4c51-9450-d93f709c9c83
0.2714162411824334,6,74fcbc34-afc5-4a78-9467-25668d16840b
0.49408206308733676,15,d03d9d4e-f77f-4121-9a14-d9619699235f
0.25997049572135666,4,606a3bdd-f091-447c-b3d0-51d718cfdb4b
0.5961294134158732,79,e33638fb-40b0-47b9-8195-012e7d7fde1f
0.6841386780349876,111,18d3526d-7133-4b77-97d6-1a2e788f7925
0.0458002223640687,3,8ff0750b-d43b-4736-b5fa-7f8cc7131eb8
0.6343988442979301,15,7843532d-59fe-40ee-b157-4d298502fe3b
0.31321398815936324,9,ea84410e-cbc8-454c-bc45-7e05b2e7c639
0.5387452380727924,15,2d18ae41-c3e2-4f63-931e-080c1d76a117
0.297034475540814,4,e1e8afa0-d41b-4762-a24c-318aff4ff552
0.09729261695771775,2,ad88c15d-5ede-467c-9f68-0cc79e81effd
0.17337689546647345,1,6b110856-fded-44e9-83dc-d532a5b6290d
0.5842585984384133,15,180c1b00-becf-439a-8851-b253eb5b2c37
0.27419409216861124,6,f13616d5-3d4c-4ae2-b602-fa582de670f7
0.28331812784682053,6,c05673c6-fafb-4d30-8642-5f5f7a5d84b6
0.3033766480650978,9,28e56360-ee04-4a5f-b48d-fb68dd99c581
0.40096163577016974,15,8bd889c2-8770-4ff7-8f0e-85e1247268ff
0.5211158655528276,15,d37fd86f-8625-455f-bd12-17009adea7b9
0.3319971449749587,4,940fe141-fd48-408e-bd0e-ff7e4c135847
0.09305746790564333,2,d0c1bb2b-963f-4cad-8fcd-6fae5e852551
0.17376009526214128,1,79e6d76e-db94-4872-9c57-8e23990c5d48
0.16138413454058786,0,dcea0066-81d2-4b3b-b4ce-5cf82a239c2f
0.7702171581911733,80,feddce5f-821b-4ff2-8927-ac8da0a25321
0.7452248117694145,69,d365617b-6694-4ec2-8091-7e3846b3a309
0.7702171581911733,80,766ae44a-b36b-432a-9c3d-bd24214ce2f3
0.9277447026286497,112,714c3de5-488a-4a6a-90c9-0562aaecf517
0.5314784440508784,16,31ce50cf-125e-4d71-9cd7-5cabfbec8c59
0.5961294134158732,80,e33638fb-40b0-47b9-8195-012e7d7fde1f
0.6343988442979301,16,7843532d-59fe-40ee-b157-4d298502fe3b
0.31321398815936324,10,ea84410e-cbc8-454c-bc45-7e05b2e7c639
0.5387452380727924,16,2d18ae41-c3e2-4f63-931e-080c1d76a117
0.297034475540814,5,e1e8afa0-d41b-4762-a24c-318aff4ff552
0.5842585984384133,16,180c1b00-becf-439a-8851-b253eb5b2c37
0.27419409216861124,7,f13616d5-3d4c-4ae2-b602-fa582de670f7
0.28331812784682053,7,c05673c6-fafb-4d30-8642-5f5f7a5d84b6
0.5211158655528276,16,d37fd86f-8625-455f-bd12-17009adea7b9
0.3319971449749587,5,940fe141-fd48-408e-bd0e-ff7e4c135847
0.09305746790564333,3,d0c1bb2b-963f-4cad-8fcd-6fae5e852551
0.17376009526214128,2,79e6d76e-db94-4872-9c57-8e23990c5d48
0.16138413454058786,1,dcea0066-81d2-4b3b-b4ce-5cf82a239c2f
0.8709957722419628,112,0c0dee79-4fe8-4817-afe7-fdf3779d0154
0.4800056011607959,16,f3c1a35f-72db-4917-92b4-32a05c6136db
0.10430143725618439,4,40753c4c-9173-43bf-a37a-3a2cd9caae62
0.2848782828739374,5,4112f44e-386f-40dd-873d-c485dac57363
0.30739119290880923,5,9794feea-14ab-497e-8700-f8e1e87adaab
0.3674009426576419,2,030f0165-febd-43a5-b477-9106948c343b
0.40096163577016974,16,cae00c1f-135c-4473-85b8-291e683d49e4
0.5291427856881749,16,4743f594-2cbc-4abf-8400-3d120b273086
0.16578706269371563,3,5ea12a94-c122-44d4-9eec-d5ff2b2833b2
0.1737586302415614,2,3b99f250-5ce1-4f28-a55e-fc009ed61e01
0.17449708395839847,1,72923f82-8e7f-4c49-8a49-2adca3c8a209
0.021084898166359025,0,da047cca-9607-4032-ab4f-dbe679e0a2f7
0.7702171581911733,81,feddce5f-821b-4ff2-8927-ac8da0a25321
0.7452248117694145,70,d365617b-6694-4ec2-8091-7e3846b3a309
0.7702171581911733,81,766ae44a-b36b-432a-9c3d-bd24214ce2f3
0.9277447026286497,113,714c3de5-488a-4a6a-90c9-0562aaecf517
0.6343988442979301,17,7843532d-59fe-40ee-b157-4d298502fe3b
0.31321398815936324,11,ea84410e-cbc8-454c-bc45-7e05b2e7c639
0.5387452380727924,17,2d18ae41-c3e2-4f63-931e-080c1d76a117
0.297034475540814,6,e1e8afa0-d41b-4762-a24c-318aff4ff552
0.5842585984384133,17,180c1b00-becf-439a-8851-b253eb5b2c37
0.3319971449749587,6,940fe141-fd48-408e-bd0e-ff7e4c135847
0.17376009526214128,3,79e6d76e-db94-4872-9c57-8e23990c5d48
0.8709957722419628,113,0c0dee79-4fe8-4817-afe7-fdf3779d0154
0.30739119290880923,6,9794feea-14ab-497e-8700-f8e1e87adaab
0.3674009426576419,3,030f0165-febd-43a5-b477-9106948c343b
0.5291427856881749,17,4743f594-2cbc-4abf-8400-3d120b273086
0.17449708395839847,2,72923f82-8e7f-4c49-8a49-2adca3c8a209
0.021084898166359025,1,da047cca-9607-4032-ab4f-dbe679e0a2f7
0.8710674421524675,113,7a619e0b-642d-40e6-8a50-1da1c1195055
0.3134990098185776,11,18df9b38-833a-4328-997a-05af59356371
0.3224374941399505,8,bb3fcef5-44cd-433b-991d-8b0bde6d7769
0.4916479778611959,17,af6913a1-1340-47ca-b50e-0fd940e0c301
0.0951613959866596,4,d9a13bcf-f3ea-4d6f-8547-d2d2a869252c
0.17375444239033358,3,4b9574ad-b298-4806-85c1-3888f5f91ce1
0.8710748699505981,113,10ac06e5-b728-48b5-af3d-72673e7aa8c2
0.45944703742271836,17,4fc9007f-034a-4efe-b353-8829ad6ee27f
0.6009388286752687,17,ebc12ab7-22fd-4ea3-ab87-e9309a0e481c
0.18681017517002008,3,ef3816f9-e3fa-4268-a7ea-1213e4006e33
0.1435565803950218,2,0a221b65-9c79-4313-98b4-d9367886291b
0.10609213751159544,1,03299daf-f483-4624-8924-2b3c6c226bbb
0.1416315530844299,0,023b17a3-1a15-4fbe-928f-080730469aa7
0.7702171581911733,82,feddce5f-821b-4ff2-8927-ac8da0a25321
0.7452248117694145,71,d365617b-6694-4ec2-8091-7e3846b3a309
0.7702171581911733,82,766ae44a-b36b-432a-9c3d-bd24214ce2f3
0.9277447026286497,114,714c3de5-488a-4a6a-90c9-0562aaecf517
0.6343988442979301,18,7843532d-59fe-40ee-b157-4d298502fe3b
0.5387452380727924,18,2d18ae41-c3e2-4f63-931e-080c1d76a117
0.5842585984384133,18,180c1b00-becf-439a-8851-b253eb5b2c37
0.3319971449749587,7,940fe141-fd48-408e-bd0e-ff7e4c135847
0.30739119290880923,7,9794feea-14ab-497e-8700-f8e1e87adaab
0.3674009426576419,4,030f0165-febd-43a5-b477-9106948c343b
0.17449708395839847,3,72923f82-8e7f-4c49-8a49-2adca3c8a209
0.8710674421524675,114,7a619e0b-642d-40e6-8a50-1da1c1195055
0.3134990098185776,12,18df9b38-833a-4328-997a-05af59356371
0.3224374941399505,9,bb3fcef5-44cd-433b-991d-8b0bde6d7769
0.4916479778611959,18,af6913a1-1340-47ca-b50e-0fd940e0c301
0.17375444239033358,4,4b9574ad-b298-4806-85c1-3888f5f91ce1
0.8710748699505981,114,10ac06e5-b728-48b5-af3d-72673e7aa8c2
0.10609213751159544,2,03299daf-f483-4624-8924-2b3c6c226bbb
0.4348910801074095,71,63f7184e-bf13-444d-9066-7cc9eae99b78
0.026806447296737673,82,b3cff313-bb51-4700-be59-7328466a22e3
0.517967010400503,18,79829d78-4b0a-405f-a11c-0258b002f6ba
0.3725043727579176,7,4d420888-fde9-4573-998b-f4908a22b10d
0.24538772397282058,7,68d88a8f-05bd-4fe4-9f30-810257d769d5
0.3748279053533465,4,a8385afa-add7-47fb-8730-d966a4e84e58
0.4939447059250402,18,d21839d5-f922-4a4f-988e-423715c608d2
0.020681786968961485,2,55b89c80-5d3a-4156-b421-987457a1fa55
0.09289118221669582,5,b1014111-3baf-43ba-8f01-1a4b5c69cad2
0.21030327136005364,3,85653323-dc22-4744-83d0-83e6cc108533
0.16172156120322453,1,cc98a6b5-ae6f-4720-be98-371a1fbbdac5
0.07333830778698877,0,fd568913-e1ca-4c55-97a3-07a232f3c16a
0.7702171581911733,83,feddce5f-821b-4ff2-8927-ac8da0a25321
0.7452248117694145,72,d365617b-6694-4ec2-8091-7e3846b3a309
0.7702171581911733,83,766ae44a-b36b-432a-9c3d-bd24214ce2f3
0.9277447026286497,115,714c3de5-488a-4a6a-90c9-0562aaecf517
0.6343988442979301,19,7843532d-59fe-40ee-b157-4d298502fe3b
0.5842585984384133,19,180c1b00-becf-439a-8851-b253eb5b2c37
0.30739119290880923,8,9794feea-14ab-497e-8700-f8e1e87adaab
0.3674009426576419,5,030f0165-febd-43a5-b477-9106948c343b
0.17449708395839847,4,72923f82-8e7f-4c49-8a49-2adca3c8a209
0.8710674421524675,115,7a619e0b-642d-40e6-8a50-1da1c1195055
0.8710748699505981,115,10ac06e5-b728-48b5-af3d-72673e7aa8c2
0.517967010400503,19,79829d78-4b0a-405f-a11c-0258b002f6ba
0.3725043727579176,8,4d420888-fde9-4573-998b-f4908a22b10d
0.3748279053533465,5,a8385afa-add7-47fb-8730-d966a4e84e58
0.4939447059250402,19,d21839d5-f922-4a4f-988e-423715c608d2
0.21030327136005364,4,85653323-dc22-4744-83d0-83e6cc108533
0.16172156120322453,2,cc98a6b5-ae6f-4720-be98-371a1fbbdac5
0.07333830778698877,1,fd568913-e1ca-4c55-97a3-07a232f3c16a
0.5517712520261988,115,cdbf85ed-502d-456f-a87a-9284cbabdcec
0.2945924617717723,8,787aea25-5dee-4be4-a195-4c1ee0340678
0.13266030246471286,5,d352808d-6945-416d-88c3-b12aeac81cec
0.16680467540791627,4,76ade248-7f60-4644-b9f4-8f7dd09e63d0
0.7917126637996549,115,f24eb988-d68f-42f2-b18f-4397d2e59607
0.3134990098185776,13,95af497d-9953-476f-b063-700679ef4962
0.5161791205658889,19,93d6e781-513a-4e0e-b004-14d131e7ebe1
0.16959675837393093,5,64985a7f-3b03-4d98-9420-e8cd57fa4a8f
0.6294475270725814,19,2271d7cc-224d-4f3b-96da-e2621cead6a8
0.051061651029980656,2,bd31ae2d-8c1a-4783-8c30-e2fcf4a5362b
0.07044780459865847,1,141878b5-6c5f-4efe-b65d-80b86ccaff07
0.11647525131303618,0,82303067-8e68-4d9e-a774-536bc5b2aef0
0.7702171581911733,84,feddce5f-821b-4ff2-8927-ac8da0a25321
0.7452248117694145,73,d365617b-6694-4ec2-8091-7e3846b3a309
0.7702171581911733,84,766ae44a-b36b-432a-9c3d-bd24214ce2f3
0.9277447026286497,116,714c3de5-488a-4a6a-90c9-0562aaecf517
0.6343988442979301,20,7843532d-59fe-40ee-b157-4d298502fe3b
0.5842585984384133,20,180c1b00-becf-439a-8851-b253eb5b2c37
0.30739119290880923,9,9794feea-14ab-497e-8700-f8e1e87adaab
0.3674009426576419,6,030f0165-febd-43a5-b477-9106948c343b
0.8710674421524675,116,7a619e0b-642d-40e6-8a50-1da1c1195055
0.517967010400503,20,79829d78-4b0a-405f-a11c-0258b002f6ba
0.3725043727579176,9,4d420888-fde9-4573-998b-f4908a22b10d
0.3748279053533465,6,a8385afa-add7-47fb-8730-d966a4e84e58
0.21030327136005364,5,85653323-dc22-4744-83d0-83e6cc108533
0.16172156120322453,3,cc98a6b5-ae6f-4720-be98-371a1fbbdac5
0.07333830778698877,2,fd568913-e1ca-4c55-97a3-07a232f3c16a
0.7917126637996549,116,f24eb988-d68f-42f2-b18f-4397d2e59607
0.3134990098185776,14,95af497d-9953-476f-b063-700679ef4962
0.6294475270725814,20,2271d7cc-224d-4f3b-96da-e2621cead6a8
0.11647525131303618,1,82303067-8e68-4d9e-a774-536bc5b2aef0
0.8710015983007956,116,abc77048-9785-4fe3-a369-7a1befb0a68e
0.5366933078447909,20,c58ea1bb-e770-4ebf-868c-53998d8d7d74
0.1980089391249507,9,042c3391-140d-4a0f-8707-cfcd797f9d61
0.17714177660810865,6,0abc87d2-8762-4637-853d-239a5d576045
0.1309485977793004,5,a30521dd-d9a4-466e-ab17-1680fec9f370
0.1186350373092583,3,3597be0f-26dc-4e44-a39e-feb31a002cca
0.11903284258667682,2,efcd9f46-729f-434d-88b3-ec124c8477cd
0.16830451396243185,6,d2ae4936-2e83-4abd-8b93-1d09ed1177c5
0.1620828040328969,3,7691cb7f-d25c-422c-88ce-0b82e44b429d
0.11751636697559757,1,63c8c9fe-31b9-4663-a8eb-423e8a9e4c28
0.20447223404251086,0,cff41a3f-2575-4111-b4e6-123480babead
0.7702171581911733,85,feddce5f-821b-4ff2-8927-ac8da0a25321
0.7452248117694145,74,d365617b-6694-4ec2-8091-7e3846b3a309
0.7702171581911733,85,766ae44a-b36b-432a-9c3d-bd24214ce2f3
0.9277447026286497,117,714c3de5-488a-4a6a-90c9-0562aaecf517
0.6343988442979301,21,7843532d-59fe-40ee-b157-4d298502fe3b
0.3674009426576419,7,030f0165-febd-43a5-b477-9106948c343b
0.8710674421524675,117,7a619e0b-642d-40e6-8a50-1da1c1195055
0.3725043727579176,10,4d420888-fde9-4573-998b-f4908a22b10d
0.3748279053533465,7,a8385afa-add7-47fb-8730-d966a4e84e58
0.21030327136005364,6,85653323-dc22-4744-83d0-83e6cc108533
0.07333830778698877,3,fd568913-e1ca-4c55-97a3-07a232f3c16a
0.3134990098185776,15,95af497d-9953-476f-b063-700679ef4962
0.6294475270725814,21,2271d7cc-224d-4f3b-96da-e2621cead6a8
0.8710015983007956,117,abc77048-9785-4fe3-a369-7a1befb0a68e
0.11903284258667682,3,efcd9f46-729f-434d-88b3-ec124c8477cd
0.1620828040328969,4,7691cb7f-d25c-422c-88ce-0b82e44b429d
0.20447223404251086,1,cff41a3f-2575-4111-b4e6-123480babead
0.5723866408945376,21,5d84bf93-7ad4-4e3b-a22f-bb03da6f9e81
0.6300678924093127,21,3ada099a-ada2-4b25-9e99-0a4eb4465da7
0.9278195140415322,117,b46b0b9d-8106-4e44-8708-9807b2c90e6e
0.28761094489375116,6,088ad0b6-0ac3-4606-a697-d9e633874293
0.1965096260978084,4,06f9d19e-6f87-45af-9cb4-0282f6cf4972
0.31333236090148725,15,0b544369-274d-4f34-99ba-283d31ffd2c6
0.6307530372242884,21,08b2e299-d8ea-4e32-b994-a51b935006a5
0.8709975675094879,117,3ad562a4-f16d-457e-9697-b7251d61d9b6
0.17368002726551746,4,0a111939-8d68-4f99-b73c-105cfee6d764
0.10609289835215861,3,fe5e39ff-d826-4487-97dd-8de088cde739
0.08340535838229661,2,c571d8bf-0fd4-4f43-b13b-a4da1b68d176
0.203961754148775,1,95539b2e-c4d3-460c-b802-b18039f99bd4
0.08399412918513734,0,cc3be76a-2b11-43a6-b586-af29bf35a2cc
0.7702171581911733,86,feddce5f-821b-4ff2-8927-ac8da0a25321
0.7452248117694145,75,d365617b-6694-4ec2-8091-7e3846b3a309
0.7702171581911733,86,766ae44a-b36b-432a-9c3d-bd24214ce2f3
0.6343988442979301,22,7843532d-59fe-40ee-b157-4d298502fe3b
0.3725043727579176,11,4d420888-fde9-4573-998b-f4908a22b10d
0.3748279053533465,8,a8385afa-add7-47fb-8730-d966a4e84e58
0.21030327136005364,7,85653323-dc22-4744-83d0-83e6cc108533
0.07333830778698877,4,fd568913-e1ca-4c55-97a3-07a232f3c16a
0.8710015983007956,118,abc77048-9785-4fe3-a369-7a1befb0a68e
0.11903284258667682,4,efcd9f46-729f-434d-88b3-ec124c8477cd
0.20447223404251086,2,cff41a3f-2575-4111-b4e6-123480babead
0.6300678924093127,22,3ada099a-ada2-4b25-9e99-0a4eb4465da7
0.9278195140415322,118,b46b0b9d-8106-4e44-8708-9807b2c90e6e
0.28761094489375116,7,088ad0b6-0ac3-4606-a697-d9e633874293
0.1965096260978084,5,06f9d19e-6f87-45af-9cb4-0282f6cf4972
0.31333236090148725,16,0b544369-274d-4f34-99ba-283d31ffd2c6
0.6307530372242884,22,08b2e299-d8ea-4e32-b994-a51b935006a5
0.08340535838229661,3,c571d8bf-0fd4-4f43-b13b-a4da1b68d176
0.08399412918513734,1,cc3be76a-2b11-43a6-b586-af29bf35a2cc
0.2855260529626668,11,8289dc9a-06a2-4ceb-9520-e3f94db06e58
0.3661269656317691,8,2a670f53-f283-45de-9689-8dcab092c096
0.1520989492231564,4,19405b42-beb7-4833-985a-87d3188cd80b
0.19893955178417153,2,31c39218-7d0d-4502-b40a-2751e559ed68
0.9277975031495326,118,4bae84eb-54d8-4f03-a69e-f31a917a8de8
0.24320251638841917,7,eff8f42b-776d-4335-a8f3-e38249a85a3a
0.20237301175609,5,91d1d727-7a9e-4fff-ae80-36ee396d03ea
0.870994902546871,118,d5bde641-3988-477f-9be7-cbec6a0b1405
0.1012087222599358,4,bb201f2b-28f8-4eb7-9cd0-f9c7d2bd9693
0.20485179363816297,2,dc8bd033-5120-4036-b60c-7497048cac5d
0.08031362024639753,0,2c946bd6-c679-449a-a7ae-d7b9a6188e6c
0.7702171581911733,87,feddce5f-821b-4ff2-8927-ac8da0a25321
0.7452248117694145,76,d365617b-6694-4ec2-8091-7e3846b3a309
0.7702171581911733,87,766ae44a-b36b-432a-9c3d-bd24214ce2f3
0.6343988442979301,23,7843532d-59fe-40ee-b157-4d298502fe3b
0.3725043727579176,12,4d420888-fde9-4573-998b-f4908a22b10d
0.3748279053533465,9,a8385afa-add7-47fb-8730-d966a4e84e58
0.11903284258667682,5,efcd9f46-729f-434d-88b3-ec124c8477cd
0.6300678924093127,23,3ada099a-ada2-4b25-9e99-0a4eb4465da7
0.9278195140415322,119,b46b0b9d-8106-4e44-8708-9807b2c90e6e
0.28761094489375116,8,088ad0b6-0ac3-4606-a697-d9e633874293
0.1965096260978084,6,06f9d19e-6f87-45af-9cb4-0282f6cf4972
0.31333236090148725,17,0b544369-274d-4f34-99ba-283d31ffd2c6
0.6307530372242884,23,08b2e299-d8ea-4e32-b994-a51b935006a5
0.08399412918513734,2,cc3be76a-2b11-43a6-b586-af29bf35a2cc
0.9277975031495326,119,4bae84eb-54d8-4f03-a69e-f31a917a8de8
0.24320251638841917,8,eff8f42b-776d-4335-a8f3-e38249a85a3a
0.20237301175609,6,91d1d727-7a9e-4fff-ae80-36ee396d03ea
0.870994902546871,119,d5bde641-3988-477f-9be7-cbec6a0b1405
0.20485179363816297,3,dc8bd033-5120-4036-b60c-7497048cac5d
0.5809261835056683,87,c7149b00-17c4-4d15-9e0f-a9c492bbbf07
0.0995405893289962,5,26f733e7-97d2-4b4c-85e7-fd817533a043
0.18509823626550956,6,f7c609cc-7d02-4c9f-906f-bd967f387bdb
0.29547531568744234,12,755462da-f823-42ae-93a2-1e92904ce42d
0.126974227136986,9,ea5abb3c-3f7c-46a3-a109-1a978dcdf997
0.19895863437167038,3,990b95a2-c7a9-45f9-9992-d702b80b2c17
0.9279122776855147,119,017445db-bc06-4cc7-9d1f-754bd446faa9
0.25136032876608455,8,59c86e25-6316-4640-bec6-0cd445bc4abb
0.2052075346526034,3,8c6cf52f-81d8-4e94-93b1-d91e0a5356de
0.08059720168087026,1,585f1910-b2b2-46e4-93ae-0e7a29d52b45
0.12647955565347963,0,2d89f4e2-4ac1-4d7f-9fcd-baabd945d1d4
0.7702171581911733,88,feddce5f-821b-4ff2-8927-ac8da0a25321
0.7452248117694145,77,d365617b-6694-4ec2-8091-7e3846b3a309
0.7702171581911733,88,766ae44a-b36b-432a-9c3d-bd24214ce2f3
0.6343988442979301,24,7843532d-59fe-40ee-b157-4d298502fe3b
0.3725043727579176,13,4d420888-fde9-4573-998b-f4908a22b10d
0.9278195140415322,120,b46b0b9d-8106-4e44-8708-9807b2c90e6e
0.1965096260978084,7,06f9d19e-6f87-45af-9cb4-0282f6cf4972
0.31333236090148725,18,0b544369-274d-4f34-99ba-283d31ffd2c6
0.6307530372242884,24,08b2e299-d8ea-4e32-b994-a51b935006a5
0.08399412918513734,3,cc3be76a-2b11-43a6-b586-af29bf35a2cc
0.9277975031495326,120,4bae84eb-54d8-4f03-a69e-f31a917a8de8
0.24320251638841917,9,eff8f42b-776d-4335-a8f3-e38249a85a3a
0.20237301175609,7,91d1d727-7a9e-4fff-ae80-36ee396d03ea
0.29547531568744234,13,755462da-f823-42ae-93a2-1e92904ce42d
0.9279122776855147,120,017445db-bc06-4cc7-9d1f-754bd446faa9
0.25136032876608455,9,59c86e25-6316-4640-bec6-0cd445bc4abb
0.2052075346526034,4,8c6cf52f-81d8-4e94-93b1-d91e0a5356de
0.12647955565347963,1,2d89f4e2-4ac1-4d7f-9fcd-baabd945d1d4
0.4614310804058973,24,6820e3ec-ae0e-40e7-8545-fc4014cf4b32
0.3768718296391749,10,cdb7842f-aa0c-4e7b-ae65-ff8394208bab
0.8712184784402451,120,81397949-d7a6-4fb6-85bf-a30ff29f556c
0.3099582893005339,18,03896647-64af-43e2-ad78-b5bf86bc1fcb
0.050035666089129856,3,f10cdd84-39fd-41ed-ac10-ebcb613c25e0
0.2452091602901005,9,64268a0d-9d8f-4906-9ddf-929c2d7922fd
0.20238291785598223,4,02dffee8-84ac-4afc-ab05-b7c1fe0326fd
0.18509823626550956,7,618c8305-5361-49a7-b6ec-98372a4dc991
0.19308950540982084,4,786a0cfb-ee56-474b-8334-67eefca96751
0.6805905917197066,9,5b66a2ae-8beb-43d0-8090-456064dcd7da
0.12643718119033784,1,1a6f5124-0cff-45c9-83f6-e918681cddd1
0.17904356213704473,0,fbbf177c-5937-4068-b024-83f464afa512
0.7702171581911733,89,feddce5f-821b-4ff2-8927-ac8da0a25321
0.7452248117694145,78,d365617b-6694-4ec2-8091-7e3846b3a309
0.7702171581911733,89,766ae44a-b36b-432a-9c3d-bd24214ce2f3
0.6343988442979301,25,7843532d-59fe-40ee-b157-4d298502fe3b
0.9278195140415322,121,b46b0b9d-8106-4e44-8708-9807b2c90e6e
0.6307530372242884,25,08b2e299-d8ea-4e32-b994-a51b935006a5
0.29547531568744234,14,755462da-f823-42ae-93a2-1e92904ce42d
0.9279122776855147,121,017445db-bc06-4cc7-9d1f-754bd446faa9
0.25136032876608455,10,59c86e25-6316-4640-bec6-0cd445bc4abb
0.2052075346526034,5,8c6cf52f-81d8-4e94-93b1-d91e0a5356de
0.12647955565347963,2,2d89f4e2-4ac1-4d7f-9fcd-baabd945d1d4
0.4614310804058973,25,6820e3ec-ae0e-40e7-8545-fc4014cf4b32
0.3768718296391749,11,cdb7842f-aa0c-4e7b-ae65-ff8394208bab
0.3099582893005339,19,03896647-64af-43e2-ad78-b5bf86bc1fcb
0.050035666089129856,4,f10cdd84-39fd-41ed-ac10-ebcb613c25e0
0.6805905917197066,10,5b66a2ae-8beb-43d0-8090-456064dcd7da
0.17904356213704473,1,fbbf177c-5937-4068-b024-83f464afa512
0.09223140612379525,4,987beaf7-ce6b-43a0-bf3c-06e0bca113b0
0.9279122776855147,121,88524925-a55b-4924-a1c6-63c0a4c325d8
0.22986031593724282,10,f397c9fe-4794-4a2c-9500-19defb7efbc2
0.8161640021065031,121,38a2ab0b-8442-4e36-aa9b-16de69dc527c
0.3114575517302233,19,4af5a387-d79d-4a31-9153-2040bf8648e4
0.24450164687283138,10,043b0e6b-1a96-4c80-8410-f5b5f7137b2f
0.20218075483869488,5,119cf1f8-3f92-4b02-a952-88247b4a52f7
0.36277837750322417,8,8631292f-06b0-4174-90b6-97bca52d9fb1
0.19278061098029528,5,c93a1a9a-b8bb-42fa-8484-f218bebe1707
0.5155330789896424,10,e4a88fd4-0b5f-4713-890e-ede872e1b664
0.1342436635703539,2,f07f68f1-f716-497d-ad2b-525fb24f1e52
0.17884065486715486,1,e9126857-c1fc-4554-b4b9-8d3c4b3e8d81
0.13486383131350538,0,581e2b9b-88ae-4c6e-ad20-86291185f4cd
0.7702171581911733,90,feddce5f-821b-4ff2-8927-ac8da0a25321
0.7452248117694145,79,d365617b-6694-4ec2-8091-7e3846b3a309
0.7702171581911733,90,766ae44a-b36b-432a-9c3d-bd24214ce2f3
0.6343988442979301,26,7843532d-59fe-40ee-b157-4d298502fe3b
0.9279122776855147,122,017445db-bc06-4cc7-9d1f-754bd446faa9
0.2052075346526034,6,8c6cf52f-81d8-4e94-93b1-d91e0a5356de
0.4614310804058973,26,6820e3ec-ae0e-40e7-8545-fc4014cf4b32
0.3099582893005339,20,03896647-64af-43e2-ad78-b5bf86bc1fcb
0.6805905917197066,11,5b66a2ae-8beb-43d0-8090-456064dcd7da
0.17904356213704473,2,fbbf177c-5937-4068-b024-83f464afa512
0.09223140612379525,5,987beaf7-ce6b-43a0-bf3c-06e0bca113b0
0.9279122776855147,122,88524925-a55b-4924-a1c6-63c0a4c325d8
0.3114575517302233,20,4af5a387-d79d-4a31-9153-2040bf8648e4
0.24450164687283138,11,043b0e6b-1a96-4c80-8410-f5b5f7137b2f
0.20218075483869488,6,119cf1f8-3f92-4b02-a952-88247b4a52f7
0.36277837750322417,9,8631292f-06b0-4174-90b6-97bca52d9fb1
0.19278061098029528,6,c93a1a9a-b8bb-42fa-8484-f218bebe1707
0.5155330789896424,11,e4a88fd4-0b5f-4713-890e-ede872e1b664
0.17884065486715486,2,e9126857-c1fc-4554-b4b9-8d3c4b3e8d81
0.13486383131350538,1,581e2b9b-88ae-4c6e-ad20-86291185f4cd
0.3034133501441738,15,babeb8d7-be04-41c1-bd26-38385668d9a5
0.20849026000823298,6,1df0eba7-960a-4cf6-87ee-3a2f59646433
0.9277310130989088,122,729f5bdc-7d99-4a96-8d7b-530ce64d3e09
0.2525860456467181,11,d7686f55-2586-4ee1-93e2-f540416c7e02
0.20333628747952986,6,7cdd62de-e1de-494c-9556-f3116a38ff9b
0.19685061373708193,6,ab042219-856e-42f4-8ec2-7dfd92385d32
0.08896819779689485,3,7cfbce78-29dd-4d0f-8e8d-c035c6297c68
0.15878105296859926,2,d5a935e7-8129-42d2-ac1d-32d14f4339a2
0.1270764504050127,1,2632e177-0f70-4d94-83c7-53ab25828edd
0.16788551348312217,0,a755b69e-4bf5-4129-a24b-6a03ced8d2ce
0.7702171581911733,91,feddce5f-821b-4ff2-8927-ac8da0a25321
0.7452248117694145,80,d365617b-6694-4ec2-8091-7e3846b3a309
0.7702171581911733,91,766ae44a-b36b-432a-9c3d-bd24214ce2f3
0.9279122776855147,123,017445db-bc06-4cc7-9d1f-754bd446faa9
0.6805905917197066,12,5b66a2ae-8beb-43d0-8090-456064dcd7da
0.17904356213704473,3,fbbf177c-5937-4068-b024-83f464afa512
0.09223140612379525,6,987beaf7-ce6b-43a0-bf3c-06e0bca113b0
0.9279122776855147,123,88524925-a55b-4924-a1c6-63c0a4c325d8
0.24450164687283138,12,043b0e6b-1a96-4c80-8410-f5b5f7137b2f
0.36277837750322417,10,8631292f-06b0-4174-90b6-97bca52d9fb1
0.5155330789896424,12,e4a88fd4-0b5f-4713-890e-ede872e1b664
0.13486383131350538,2,581e2b9b-88ae-4c6e-ad20-86291185f4cd
0.2525860456467181,12,d7686f55-2586-4ee1-93e2-f540416c7e02
0.20333628747952986,7,7cdd62de-e1de-494c-9556-f3116a38ff9b
0.1270764504050127,2,2632e177-0f70-4d94-83c7-53ab25828edd
0.16788551348312217,1,a755b69e-4bf5-4129-a24b-6a03ced8d2ce
0.6306446663422401,91,13305849-055a-49ca-b6b5-0a7d576f8d1c
0.9278235808209897,123,62a57177-d7f3-4555-8dcf-996f506fe716
0.2276931290975288,7,ee0e9fa7-8fd0-4490-ad80-70023da4ac5f
0.4726389493572426,27,da483037-0087-469e-ba30-3127da0459f9
0.25809555631804276,10,7a34223d-9391-4223-80d3-3efd6bbe3997
0.674528531928628,12,6572d814-8f0f-4a70-a11d-fc2d439ddd0e
0.1789834693984363,3,baae9160-0aca-4df0-ad75-766dc3a3d2bf
0.15578630000568422,2,29363a57-c59a-4bec-bc86-5ea8e434beca
0.3013622283359009,16,9511b310-a891-4f68-a1ba-684e19932f34
0.26581904349263896,12,cd7cf0e3-68a4-42bf-8937-cc607749defe
0.20214484490653514,7,ea4c8c59-c8f4-4347-9ed2-6c1199e29f99
0.15759930185630772,3,c27ac519-718f-4f17-a6a4-633d22947c9e
0.16526570591358836,1,e7cbc77f-f7ef-48fa-a607-87a1207e4318
0.2009151908899639,0,0275d9de-2c2f-40d6-98b1-c27f28b53895
0.7702171581911733,92,feddce5f-821b-4ff2-8927-ac8da0a25321
0.7452248117694145,81,d365617b-6694-4ec2-8091-7e3846b3a309
0.7702171581911733,92,766ae44a-b36b-432a-9c3d-bd24214ce2f3
0.9279122776855147,124,017445db-bc06-4cc7-9d1f-754bd446faa9
0.6805905917197066,13,5b66a2ae-8beb-43d0-8090-456064dcd7da
0.17904356213704473,4,fbbf177c-5937-4068-b024-83f464afa512
0.9279122776855147,124,88524925-a55b-4924-a1c6-63c0a4c325d8
0.36277837750322417,11,8631292f-06b0-4174-90b6-97bca52d9fb1
0.5155330789896424,13,e4a88fd4-0b5f-4713-890e-ede872e1b664
0.20333628747952986,8,7cdd62de-e1de-494c-9556-f3116a38ff9b
0.16788551348312217,2,a755b69e-4bf5-4129-a24b-6a03ced8d2ce
0.9278235808209897,124,62a57177-d7f3-4555-8dcf-996f506fe716
0.2276931290975288,8,ee0e9fa7-8fd0-4490-ad80-70023da4ac5f
0.25809555631804276,11,7a34223d-9391-4223-80d3-3efd6bbe3997
0.674528531928628,13,6572d814-8f0f-4a70-a11d-fc2d439ddd0e
0.1789834693984363,4,baae9160-0aca-4df0-ad75-766dc3a3d2bf
0.15578630000568422,3,29363a57-c59a-4bec-bc86-5ea8e434beca
0.2009151908899639,1,0275d9de-2c2f-40d6-98b1-c27f28b53895
0.5488958925125879,13,b12209a3-a43a-475c-bea2-fc2203dd9a7d
0.501996608157845,13,06fadf7e-d4be-46e1-9213-ad0aa66cba32
0.2029047703917058,8,4d4d8550-b510-43ee-a1b5-7ee380865b30
0.1709269744580617,2,83deed85-8205-4b5d-8971-01ea876e56ad
0.5854511355670892,92,ad41370a-de70-4474-b00e-b31ceb9c6f19
0.2276950823325281,8,ec98eb11-4993-4e18-9b68-67ee416c1915
0.24725450141919517,11,eab31a8b-d68f-43d8-9670-6e2a36c79aa6
0.1787511707401571,4,5617a91b-717f-4488-817c-576f0e2fc867
0.10035288698180571,3,fdc76132-4c84-493d-a1f2-99599dc87a3b
0.28824330207970217,13,4e44556b-7165-497b-b9e9-c5e02d9ca189
0.2018866952617216,1,8a923f31-08d4-4b82-a0f7-c5a434929221
0.08877609640450518,0,64b4f445-896f-4f91-804d-f3f7c0d8a1f2
0.7702171581911733,93,feddce5f-821b-4ff2-8927-ac8da0a25321
0.9279122776855147,125,017445db-bc06-4cc7-9d1f-754bd446faa9
0.6805905917197066,14,5b66a2ae-8beb-43d0-8090-456064dcd7da
0.17904356213704473,5,fbbf177c-5937-4068-b024-83f464afa512
0.9279122776855147,125,88524925-a55b-4924-a1c6-63c0a4c325d8
0.36277837750322417,12,8631292f-06b0-4174-90b6-97bca52d9fb1
0.16788551348312217,3,a755b69e-4bf5-4129-a24b-6a03ced8d2ce
0.9278235808209897,125,62a57177-d7f3-4555-8dcf-996f506fe716
0.2276931290975288,9,ee0e9fa7-8fd0-4490-ad80-70023da4ac5f
0.25809555631804276,12,7a34223d-9391-4223-80d3-3efd6bbe3997
0.15578630000568422,4,29363a57-c59a-4bec-bc86-5ea8e434beca
0.2009151908899639,2,0275d9de-2c2f-40d6-98b1-c27f28b53895
0.2276950823325281,9,ec98eb11-4993-4e18-9b68-67ee416c1915
0.24725450141919517,12,eab31a8b-d68f-43d8-9670-6e2a36c79aa6
0.2018866952617216,2,8a923f31-08d4-4b82-a0f7-c5a434929221
0.08877609640450518,1,64b4f445-896f-4f91-804d-f3f7c0d8a1f2
0.5473077241938963,82,c3c8c30b-52fa-44d7-9d09-77072d37ab27
0.6953510189298473,14,5c467f16-6b5b-4fdd-b421-c3601943d00e
0.1811805041025816,5,ebaa5743-2a0c-4a99-a60e-0e31738e561b
0.9445663049879356,125,7d2c42d6-e8b9-4434-8860-2409b7c7fef5
0.7703394354535534,14,62794e58-74df-4f17-96e9-c449d3ddd983
0.16876766370836835,3,a7dcfb36-d25a-47d8-ae5a-05a8e44f6ba4
0.5515397627642207,14,17b652c0-3796-49a7-903f-ae0fd2c1c7fb
0.16700244570418174,5,24f1022b-56f7-4b5a-99ee-3b3e4ea175a5
0.2074139342305498,2,a1a1e08a-1301-4dc1-8754-061cccad1289
0.6086384530156773,14,5f209d7d-1e11-4ecf-8884-894b2723ce8b
0.16590348120778894,3,342e2caf-6da3-481c-9d0a-c067004d84eb
0.6129162654567194,93,ef3b35a0-c175-46fc-81af-f0cb45e3f882
0.2281922237956424,9,12ea0b49-a710-436f-94ac-98cd2080294e
0.30576491959775437,0,3cb8d14a-bfcf-49c0-85d7-fe1c5586dd06
0.7702171581911733,94,feddce5f-821b-4ff2-8927-ac8da0a25321
0.9279122776855147,126,017445db-bc06-4cc7-9d1f-754bd446faa9
0.6805905917197066,15,5b66a2ae-8beb-43d0-8090-456064dcd7da
0.9279122776855147,126,88524925-a55b-4924-a1c6-63c0a4c325d8
0.36277837750322417,13,8631292f-06b0-4174-90b6-97bca52d9fb1
0.16788551348312217,4,a755b69e-4bf5-4129-a24b-6a03ced8d2ce
0.2276931290975288,10,ee0e9fa7-8fd0-4490-ad80-70023da4ac5f
0.25809555631804276,13,7a34223d-9391-4223-80d3-3efd6bbe3997
0.08877609640450518,2,64b4f445-896f-4f91-804d-f3f7c0d8a1f2
0.5473077241938963,83,c3c8c30b-52fa-44d7-9d09-77072d37ab27
0.6953510189298473,15,5c467f16-6b5b-4fdd-b421-c3601943d00e
0.9445663049879356,126,7d2c42d6-e8b9-4434-8860-2409b7c7fef5
0.7703394354535534,15,62794e58-74df-4f17-96e9-c449d3ddd983
0.5515397627642207,15,17b652c0-3796-49a7-903f-ae0fd2c1c7fb
0.2074139342305498,3,a1a1e08a-1301-4dc1-8754-061cccad1289
0.6086384530156773,15,5f209d7d-1e11-4ecf-8884-894b2723ce8b
0.2281922237956424,10,12ea0b49-a710-436f-94ac-98cd2080294e
0.30576491959775437,1,3cb8d14a-bfcf-49c0-85d7-fe1c5586dd06
0.7702102843294325,94,f74590e1-a137-4aab-a7d2-94cfd552b9ba
0.25166648517813767,13,4e479aff-f390-47de-99ad-f162a6f72b08
0.20074637161866202,3,4c9640bd-d6d2-42f5-8d06-148b298faf63
0.22522265414804887,10,b161b8f1-588a-402c-8c77-587c26e32091
0.3617050198689016,13,b1a9c600-f7d8-4b11-9e79-cb49a0157c39
0.4706971073556492,15,7676a5f0-e595-46f0-9980-057fb44579a8
0.8142342944316628,15,ea78ce93-5a81-44bd-aaeb-00660b98311e
0.20638609980956293,3,1d6188c5-a558-4e4f-8668-2cd8b4df6717
0.26886103930314587,94,87b98626-d1ea-45ff-b5b0-6f2fdf5dac47
0.23012740028475767,10,78dcb8df-d1da-4980-a1c6-e2028132f518
0.3912314262531899,1,02db64f8-15be-4ddd-91f7-bd1e5eec07b9
0.34821918252727774,0,1d16bd29-7b95-4ea0-8386-7a100b7434fc
0.7702171581911733,95,feddce5f-821b-4ff2-8927-ac8da0a25321
0.9279122776855147,127,017445db-bc06-4cc7-9d1f-754bd446faa9
0.9279122776855147,127,88524925-a55b-4924-a1c6-63c0a4c325d8
0.36277837750322417,14,8631292f-06b0-4174-90b6-97bca52d9fb1
0.25809555631804276,14,7a34223d-9391-4223-80d3-3efd6bbe3997
0.08877609640450518,3,64b4f445-896f-4f91-804d-f3f7c0d8a1f2
0.5473077241938963,84,c3c8c30b-52fa-44d7-9d09-77072d37ab27
0.6953510189298473,16,5c467f16-6b5b-4fdd-b421-c3601943d00e
0.9445663049879356,127,7d2c42d6-e8b9-4434-8860-2409b7c7fef5
0.7703394354535534,16,62794e58-74df-4f17-96e9-c449d3ddd983
0.2074139342305498,4,a1a1e08a-1301-4dc1-8754-061cccad1289
0.6086384530156773,16,5f209d7d-1e11-4ecf-8884-894b2723ce8b
0.22522265414804887,11,b161b8f1-588a-402c-8c77-587c26e32091
0.4706971073556492,16,7676a5f0-e595-46f0-9980-057fb44579a8
0.8142342944316628,16,ea78ce93-5a81-44bd-aaeb-00660b98311e
0.23012740028475767,11,78dcb8df-d1da-4980-a1c6-e2028132f518
0.3912314262531899,2,02db64f8-15be-4ddd-91f7-bd1e5eec07b9
0.34821918252727774,1,1d16bd29-7b95-4ea0-8386-7a100b7434fc
0.7994210834721067,16,5b2f78b0-a055-4380-8b22-69fd512a02c1
0.9450320969926886,127,7fe642ff-112c-42a3-9d78-e5ff1daf908d
0.4961324390546321,84,36875259-b80e-433e-83a2-9c072daa2533
0.7834614089340869,127,5b47962c-5882-43bb-935f-7c80a6c942fe
0.574399168753399,16,133a888f-9b25-45fe-8f49-3b235a8dd7e1
0.2302121733977711,11,633b82db-3cb8-41a6-8295-df4a8bb9b9e5
0.3643813780067945,2,751f433c-8a9d-46a7-8bf3-fcc3107f2147
0.21362582693148524,11,e34aac11-0e6f-4b47-851d-b39b2555b6dd
0.3454869901482471,16,36583e6b-87ec-4bef-a75e-fc397ebd75e1
0.20476642459129182,4,e7d6be8a-45c3-415a-bd21-2a3323941662
0.3599209964023348,1,f85a1f79-1df4-4bab-9369-b9ad387e67f5
0.08765364114782481,0,ce48867f-e126-4c5c-9cf7-b434b1003078
0.7702171581911733,96,feddce5f-821b-4ff2-8927-ac8da0a25321
0.9279122776855147,128,017445db-bc06-4cc7-9d1f-754bd446faa9
0.9279122776855147,128,88524925-a55b-4924-a1c6-63c0a4c325d8
0.36277837750322417,15,8631292f-06b0-4174-90b6-97bca52d9fb1
0.25809555631804276,15,7a34223d-9391-4223-80d3-3efd6bbe3997
0.5473077241938963,85,c3c8c30b-52fa-44d7-9d09-77072d37ab27
0.6953510189298473,17,5c467f16-6b5b-4fdd-b421-c3601943d00e
0.2074139342305498,5,a1a1e08a-1301-4dc1-8754-061cccad1289
0.23012740028475767,12,78dcb8df-d1da-4980-a1c6-e2028132f518
0.3912314262531899,3,02db64f8-15be-4ddd-91f7-bd1e5eec07b9
0.34821918252727774,2,1d16bd29-7b95-4ea0-8386-7a100b7434fc
0.7994210834721067,17,5b2f78b0-a055-4380-8b22-69fd512a02c1
0.9450320969926886,128,7fe642ff-112c-42a3-9d78-e5ff1daf908d
0.574399168753399,17,133a888f-9b25-45fe-8f49-3b235a8dd7e1
0.3643813780067945,3,751f433c-8a9d-46a7-8bf3-fcc3107f2147
0.20476642459129182,5,e7d6be8a-45c3-415a-bd21-2a3323941662
0.3599209964023348,2,f85a1f79-1df4-4bab-9369-b9ad387e67f5
0.08765364114782481,1,ce48867f-e126-4c5c-9cf7-b434b1003078
0.3340145111820388,15,4dfdcd14-84bd-48fe-ba60-e7902db3f3e7
0.7703394354535534,17,f47eb9e5-46fe-498d-9b74-c9a37df87e5d
0.9258157416002615,17,23a3a2ab-4cde-4efd-a68d-ef5e95511e5e
0.08436539005142042,3,abfd4534-419d-489f-bd7d-bd4758c48318
0.7339678833624675,17,9d6da995-e610-4252-8159-bcc2787f692b
0.09018143109936179,85,722e9fbf-019e-468b-a3b5-0acc2bf509ac
0.18485721942801342,3,54dc42fd-82b8-412d-9738-914e37268d39
0.22183710065658555,12,31d15757-094c-4bd7-b83f-1627c7214b5d
0.20954050102635044,5,e06b0c27-e356-49c3-ae5d-7b73d8f879ec
0.1526151575731839,2,c0aaff20-23ca-4f46-a3f2-bca2ced2ed1e
0.08829897261558459,1,306dcb55-e276-48ef-9523-56bdbca322a8
0.05607339820869957,0,450505df-c4dc-428d-904d-1c1c3e0a26ed
0.9279122776855147,129,017445db-bc06-4cc7-9d1f-754bd446faa9
0.9279122776855147,129,88524925-a55b-4924-a1c6-63c0a4c325d8
0.36277837750322417,16,8631292f-06b0-4174-90b6-97bca52d9fb1
0.25809555631804276,16,7a34223d-9391-4223-80d3-3efd6bbe3997
0.23012740028475767,13,78dcb8df-d1da-4980-a1c6-e2028132f518
0.3912314262531899,4,02db64f8-15be-4ddd-91f7-bd1e5eec07b9
0.34821918252727774,3,1d16bd29-7b95-4ea0-8386-7a100b7434fc
0.7994210834721067,18,5b2f78b0-a055-4380-8b22-69fd512a02c1
0.9450320969926886,129,7fe642ff-112c-42a3-9d78-e5ff1daf908d
0.3643813780067945,4,751f433c-8a9d-46a7-8bf3-fcc3107f2147
0.3599209964023348,3,f85a1f79-1df4-4bab-9369-b9ad387e67f5
0.08765364114782481,2,ce48867f-e126-4c5c-9cf7-b434b1003078
0.7703394354535534,18,f47eb9e5-46fe-498d-9b74-c9a37df87e5d
0.9258157416002615,18,23a3a2ab-4cde-4efd-a68d-ef5e95511e5e
0.7339678833624675,18,9d6da995-e610-4252-8159-bcc2787f692b
0.22183710065658555,13,31d15757-094c-4bd7-b83f-1627c7214b5d
0.1526151575731839,3,c0aaff20-23ca-4f46-a3f2-bca2ced2ed1e
0.05607339820869957,1,450505df-c4dc-428d-904d-1c1c3e0a26ed
0.23013024831581463,13,fe9882e4-eca5-4a2b-90ee-6c19ed759118
0.1434995087247662,3,4446a750-6c1b-4f44-8779-9b7fdb5b114b
0.8251812982039239,18,a8e2dc68-cf8a-4a0f-816f-b56baa951191
0.6787045684976827,129,c2bba224-66fa-4fe7-8086-fbccecf5f7b6
0.30145213589927367,4,3ba9f629-03e4-4461-bd88-f7ae0bc34eef
0.3129262241371205,3,d499b64e-ff2e-4586-ba7f-ce37a154478c
0.8619091281153948,18,3993c084-90a4-4c8e-8874-fbae2fd44d03
0.30033631104654335,4,9040f61a-d9d0-40fd-9fa2-3e52d8862a55
0.20887625568952575,6,884ca2a0-8d98-4e74-bb52-cfb04417121f
0.08755653602025511,2,02cb6e99-7d8e-4069-871c-196585f50ce0
0.07152900355780055,1,acb2fe95-7c70-489f-8003-9d5324eb4c37
0.32721007883123693,0,54e54b8f-bc1a-45c5-8f7e-4c1170450454
0.9279122776855147,130,88524925-a55b-4924-a1c6-63c0a4c325d8
0.36277837750322417,17,8631292f-06b0-4174-90b6-97bca52d9fb1
0.3912314262531899,5,02db64f8-15be-4ddd-91f7-bd1e5eec07b9
0.34821918252727774,4,1d16bd29-7b95-4ea0-8386-7a100b7434fc
0.9450320969926886,130,7fe642ff-112c-42a3-9d78-e5ff1daf908d
0.3643813780067945,5,751f433c-8a9d-46a7-8bf3-fcc3107f2147
0.3599209964023348,4,f85a1f79-1df4-4bab-9369-b9ad387e67f5
0.08765364114782481,3,ce48867f-e126-4c5c-9cf7-b434b1003078
0.9258157416002615,19,23a3a2ab-4cde-4efd-a68d-ef5e95511e5e
0.7339678833624675,19,9d6da995-e610-4252-8159-bcc2787f692b
0.1434995087247662,4,4446a750-6c1b-4f44-8779-9b7fdb5b114b
0.8251812982039239,19,a8e2dc68-cf8a-4a0f-816f-b56baa951191
0.6787045684976827,130,c2bba224-66fa-4fe7-8086-fbccecf5f7b6
0.30145213589927367,5,3ba9f629-03e4-4461-bd88-f7ae0bc34eef
0.8619091281153948,19,3993c084-90a4-4c8e-8874-fbae2fd44d03
0.32721007883123693,1,54e54b8f-bc1a-45c5-8f7e-4c1170450454
0.865814289979961,130,9dfde200-e3ed-47ed-b1e0-7ca891e7bb8f
0.9450058157238154,130,09835a72-0732-4b04-96d3-d1a196d86d5b
0.4460083076282791,19,4861f3df-44e5-4ab7-85ae-c5d0d55fe3cb
0.9955124754773854,19,4f550f06-1c25-4cc8-9bb6-aeb0972000b1
0.054054599242838966,2,e17906e0-478c-478f-b856-5ef397533f03
0.25303190510925055,4,ba906100-ce06-41ed-acf5-1485dcb083ac
0.9506605564651613,19,1d5f1953-19aa-41db-aebc-d399d4306398
0.3451838020136892,4,1ea47cf7-4b56-4d66-8918-96b5e162ea34
0.8099269502979682,19,e303ff93-84e5-4110-ab7a-104d671f04b2
0.3303511502518082,5,8347cc0e-30f1-4015-8e86-0af806db0089
0.15149179271690086,7,b43957ba-4dd2-4062-8133-1b196cb47f80
0.050993314745849234,2,a9111b79-7de8-4269-969f-756d1b26f216
0.3226897754821442,1,37c88174-3f6c-498d-93cf-b13f38f08023
0.190175640077564,0,0b88c9af-68b7-4224-a4da-a280d359d4ab
0.36277837750322417,18,8631292f-06b0-4174-90b6-97bca52d9fb1
0.3912314262531899,6,02db64f8-15be-4ddd-91f7-bd1e5eec07b9
0.34821918252727774,5,1d16bd29-7b95-4ea0-8386-7a100b7434fc
0.3599209964023348,5,f85a1f79-1df4-4bab-9369-b9ad387e67f5
0.8251812982039239,20,a8e2dc68-cf8a-4a0f-816f-b56baa951191
0.8619091281153948,20,3993c084-90a4-4c8e-8874-fbae2fd44d03
0.32721007883123693,2,54e54b8f-bc1a-45c5-8f7e-4c1170450454
0.865814289979961,131,9dfde200-e3ed-47ed-b1e0-7ca891e7bb8f
0.9450058157238154,131,09835a72-0732-4b04-96d3-d1a196d86d5b
0.9955124754773854,20,4f550f06-1c25-4cc8-9bb6-aeb0972000b1
0.9506605564651613,20,1d5f1953-19aa-41db-aebc-d399d4306398
0.3451838020136892,5,1ea47cf7-4b56-4d66-8918-96b5e162ea34
0.050993314745849234,3,a9111b79-7de8-4269-969f-756d1b26f216
0.3226897754821442,2,37c88174-3f6c-498d-93cf-b13f38f08023
0.190175640077564,1,0b88c9af-68b7-4224-a4da-a280d359d4ab
0.7824531290532426,131,1590b514-0444-4b2c-9b07-b7db476442b9
0.34204843241145577,5,01a0aa38-1b13-4491-a3b7-70f073e72766
0.08765957291238342,4,2da753ee-26ab-42ab-ad5b-f902f86a3e17
0.3174855249346971,5,e2188502-9eee-4ff0-af27-21e1e8dcb942
0.9485134536068366,20,129e670c-8f6b-4b60-a170-965f2a18997e
0.2749697664563212,2,925ce2cc-bab4-49b4-a2b8-3ab7c926dfe4
0.21294045194793976,20,f6e85252-dfc8-47c6-95cf-c960cfa595da
0.8528896840773397,20,1a6fdf3f-e0e7-4237-b66e-f7c21c03462c
0.045529054898853075,3,33f17f6b-6379-4115-8494-6c3483858186
0.36560618611820156,5,52357886-f9e9-4084-b1c9-06b4e5817161
0.7191147568756764,20,b3382e15-e40b-42ab-ad75-f9640c3e3cda
0.28334883280927453,6,75b49775-a3ec-4682-86fd-7f298efb39c3
0.06629888696529564,3,bcf6c16d-eca4-4288-bf00-b2dc0bc3b15d
0.18314034836455187,1,b37c49e1-0817-41d1-8600-447757a91263
0.09658276083383183,0,61ca780b-1ce2-4c9e-8e3c-285ea013656b
0.36277837750322417,19,8631292f-06b0-4174-90b6-97bca52d9fb1
0.3912314262531899,7,02db64f8-15be-4ddd-91f7-bd1e5eec07b9
0.34821918252727774,6,1d16bd29-7b95-4ea0-8386-7a100b7434fc
0.8251812982039239,21,a8e2dc68-cf8a-4a0f-816f-b56baa951191
0.8619091281153948,21,3993c084-90a4-4c8e-8874-fbae2fd44d03
0.32721007883123693,3,54e54b8f-bc1a-45c5-8f7e-4c1170450454
0.9450058157238154,132,09835a72-0732-4b04-96d3-d1a196d86d5b
0.9955124754773854,21,4f550f06-1c25-4cc8-9bb6-aeb0972000b1
0.9506605564651613,21,1d5f1953-19aa-41db-aebc-d399d4306398
0.190175640077564,2,0b88c9af-68b7-4224-a4da-a280d359d4ab
0.34204843241145577,6,01a0aa38-1b13-4491-a3b7-70f073e72766
0.08765957291238342,5,2da753ee-26ab-42ab-ad5b-f902f86a3e17
0.9485134536068366,21,129e670c-8f6b-4b60-a170-965f2a18997e
0.8528896840773397,21,1a6fdf3f-e0e7-4237-b66e-f7c21c03462c
0.36560618611820156,6,52357886-f9e9-4084-b1c9-06b4e5817161
0.18314034836455187,2,b37c49e1-0817-41d1-8600-447757a91263
0.09658276083383183,1,61ca780b-1ce2-4c9e-8e3c-285ea013656b
0.33550581651305406,6,0982e6a6-2cc2-4261-93ea-586a10281c06
0.9278451852671133,21,7a1bc19a-53af-4d1f-8a75-f648b134a489
0.6925831178364228,21,555e8b63-0a59-4c89-99a4-d223d213ee93
0.322158948150363,3,4e200995-6760-45e6-a7fc-82a0027ec471
1.1073019859261721,21,40227cbf-b8fa-4856-b41f-9a1c01bf0191
0.3948904157179466,6,23b9c610-d30c-4e85-8f19-cc4bc3962697
0.30170659549417783,3,d1ba8438-334e-4ea7-916b-c5059ebd3715
0.1609771191909573,4,775c8b98-2609-4209-8373-974035f4bde5
0.3660409390901667,6,95211920-9e51-4345-8f71-88699b5d4899
0.3330919030391246,7,d5aae2c3-068f-4756-a0ec-5dc0bed80954
0.11317013957081355,4,ce4039b2-bc25-4c98-9cb9-2f63bd4c1be0
0.0970443129363867,1,bf0a6509-5b5d-48e9-9651-f972f1672aa5
0.10008813453175765,0,debaa61e-e59a-43b7-bf28-d105f337545e
0.3912314262531899,8,02db64f8-15be-4ddd-91f7-bd1e5eec07b9
0.34821918252727774,7,1d16bd29-7b95-4ea0-8386-7a100b7434fc
0.32721007883123693,4,54e54b8f-bc1a-45c5-8f7e-4c1170450454
0.190175640077564,3,0b88c9af-68b7-4224-a4da-a280d359d4ab
0.9485134536068366,22,129e670c-8f6b-4b60-a170-965f2a18997e
0.8528896840773397,22,1a6fdf3f-e0e7-4237-b66e-f7c21c03462c
0.18314034836455187,3,b37c49e1-0817-41d1-8600-447757a91263
0.09658276083383183,2,61ca780b-1ce2-4c9e-8e3c-285ea013656b
0.6925831178364228,22,555e8b63-0a59-4c89-99a4-d223d213ee93
0.322158948150363,4,4e200995-6760-45e6-a7fc-82a0027ec471
1.1073019859261721,22,40227cbf-b8fa-4856-b41f-9a1c01bf0191
0.3948904157179466,7,23b9c610-d30c-4e85-8f19-cc4bc3962697
0.30170659549417783,4,d1ba8438-334e-4ea7-916b-c5059ebd3715
0.3660409390901667,7,95211920-9e51-4345-8f71-88699b5d4899
0.0970443129363867,2,bf0a6509-5b5d-48e9-9651-f972f1672aa5
0.10008813453175765,1,debaa61e-e59a-43b7-bf28-d105f337545e
0.34474443368019175,7,90990665-ea08-41df-88f4-22965f665c38
0.3322312915862249,4,f91a4101-3693-45c2-bb88-6d6e4b349d47
0.18978415775210422,3,ac1c17fc-4a92-4dbc-a778-510c5b6d020e
0.3724213952784955,7,6df3949d-8b37-4470-980b-c8eb2ce6e2a9
0.7727538241116053,22,5547c88b-844f-48e1-a168-302759301a76
0.4406179632239223,7,3d5f5284-77c8-432c-96cc-33ec6a001051
0.2612268041704319,3,70644752-e235-420c-ae0d-ce852b64a4d1
0.09658317350866254,2,1c1ad7fd-9d7a-4bbf-8605-b8b04bfd18c5
0.2979085954967585,4,75c0e606-2d91-41b9-b6ff-b18e9c08b0c9
0.9869640946001444,22,a55911a2-56a7-40ee-9ccc-e360908cf15a
0.3685553346504475,7,5792dedc-fdac-4407-b43c-059a27e5831e
0.12877206103355052,2,abb07993-f8bf-4b3f-b54f-7473137246a9
0.053469261287179,1,06150e6d-0bac-40fd-b24f-cf443c9494cb
0.25911758019428427,0,b512eec4-f27e-4943-838a-dc7e1a6c959f
0.3912314262531899,9,02db64f8-15be-4ddd-91f7-bd1e5eec07b9
0.32721007883123693,5,54e54b8f-bc1a-45c5-8f7e-4c1170450454
0.190175640077564,4,0b88c9af-68b7-4224-a4da-a280d359d4ab
0.9485134536068366,23,129e670c-8f6b-4b60-a170-965f2a18997e
0.8528896840773397,23,1a6fdf3f-e0e7-4237-b66e-f7c21c03462c
0.322158948150363,5,4e200995-6760-45e6-a7fc-82a0027ec471
1.1073019859261721,23,40227cbf-b8fa-4856-b41f-9a1c01bf0191
0.3948904157179466,8,23b9c610-d30c-4e85-8f19-cc4bc3962697
0.10008813453175765,2,debaa61e-e59a-43b7-bf28-d105f337545e
0.3322312915862249,5,f91a4101-3693-45c2-bb88-6d6e4b349d47
0.3724213952784955,8,6df3949d-8b37-4470-980b-c8eb2ce6e2a9
0.4406179632239223,8,3d5f5284-77c8-432c-96cc-33ec6a001051
0.09658317350866254,3,1c1ad7fd-9d7a-4bbf-8605-b8b04bfd18c5
0.9869640946001444,23,a55911a2-56a7-40ee-9ccc-e360908cf15a
0.3685553346504475,8,5792dedc-fdac-4407-b43c-059a27e5831e
0.12877206103355052,3,abb07993-f8bf-4b3f-b54f-7473137246a9
0.053469261287179,2,06150e6d-0bac-40fd-b24f-cf443c9494cb
0.25911758019428427,1,b512eec4-f27e-4943-838a-dc7e1a6c959f
0.3645116802010801,8,33ca3a98-54f7-4859-a1f6-e439eb28f173
0.33000089535821436,5,33b5bff7-ba59-4005-a2f6-f428ffa93ba3
0.8823400974679184,23,995e0886-87be-4fb6-91f9-eb515b220ee6
0.20164304436601205,4,2595b5fa-09af-4a14-b726-080d6b4dc9c0
0.32198863982311454,5,3f9aa7e3-35dc-407e-b8f3-0e6f7635836a
1.069691446839134,23,e3ba9e83-02d1-429c-b680-8c5d1546c599
0.046566894656204935,2,8ca027bb-ae91-42c7-9140-8a7946fc334a
0.3740250876621392,8,428ee3e8-9985-4281-b04b-904ebfb41699
0.2668781902702409,4,c52a3b44-001e-4008-82e8-dad3d45d14a7
0.1272020100315319,3,a3676704-f5c8-4850-b2d3-e78e6ae37420
0.10489777291100898,1,522fe057-7922-41b1-8b3b-a1ab6ede46ba
0.0034988308988333668,0,d178c7d3-0680-48a5-88f5-bb748aff76c6
0.3912314262531899,10,02db64f8-15be-4ddd-91f7-bd1e5eec07b9
0.32721007883123693,6,54e54b8f-bc1a-45c5-8f7e-4c1170450454
0.3948904157179466,9,23b9c610-d30c-4e85-8f19-cc4bc3962697
0.10008813453175765,3,debaa61e-e59a-43b7-bf28-d105f337545e
0.3322312915862249,6,f91a4101-3693-45c2-bb88-6d6e4b349d47
0.4406179632239223,9,3d5f5284-77c8-432c-96cc-33ec6a001051
0.3685553346504475,9,5792dedc-fdac-4407-b43c-059a27e5831e
0.25911758019428427,2,b512eec4-f27e-4943-838a-dc7e1a6c959f
0.33000089535821436,6,33b5bff7-ba59-4005-a2f6-f428ffa93ba3
1.069691446839134,24,e3ba9e83-02d1-429c-b680-8c5d1546c599
0.2668781902702409,5,c52a3b44-001e-4008-82e8-dad3d45d14a7
0.10489777291100898,2,522fe057-7922-41b1-8b3b-a1ab6ede46ba
0.0034988308988333668,1,d178c7d3-0680-48a5-88f5-bb748aff76c6
0.2709628034444018,6,f7f4faaa-1343-4feb-a866-9863b1056cc5
1.1157746388250203,24,843ace74-08e3-47c6-9181-1bcbbcb235f6
0.3178265067073627,6,d82cb09a-f40a-444c-8eb3-4c57408946b1
1.0222180254085607,24,07999aef-59f6-4577-a823-28e8e1db18eb
0.39654633371499026,9,3ac3ce9a-d90f-426d-adeb-323742af9bfa
0.09533231692253301,4,f613b57a-b81a-4b47-9f73-900ded212071
0.3675836009869971,9,9e0d80e1-10f2-4c28-b73a-a55d2b21773f
0.13877577493534085,2,6933c0e9-3647-4520-9604-937dc4ccd092
0.3017527275096757,9,26eff0d8-35e3-4942-819f-1d71d8beedb2
0.6766451532751903,24,f9856539-a14d-486e-adb4-161c97bec388
1.0850759935521312,24,10b3c879-bfbb-4d2d-bb6a-66512de77f55
0.04656845743638017,3,d4f74dc4-29ec-4c99-9bab-2a642b7b6f65
0.25995143729811426,5,5d729c90-f83b-4f66-b810-07f8cf5e57dd
0.4185603708912218,4,1cfa133f-fc0f-471b-b4c9-11e82008a488
0.0797608932700426,2,4efc40a0-5c2b-4b4a-a8eb-e856e5419b3c
0.003500732746132617,1,527c8cd3-54ce-4c36-8388-a741af57d5d5
0.22155977020256787,0,3b7239bf-733c-4658-980e-8b93a32fca72
0.32721007883123693,7,54e54b8f-bc1a-45c5-8f7e-4c1170450454
0.3948904157179466,10,23b9c610-d30c-4e85-8f19-cc4bc3962697
0.4406179632239223,10,3d5f5284-77c8-432c-96cc-33ec6a001051
0.3685553346504475,10,5792dedc-fdac-4407-b43c-059a27e5831e
0.25911758019428427,3,b512eec4-f27e-4943-838a-dc7e1a6c959f
0.33000089535821436,7,33b5bff7-ba59-4005-a2f6-f428ffa93ba3
0.0034988308988333668,2,d178c7d3-0680-48a5-88f5-bb748aff76c6
0.2709628034444018,7,f7f4faaa-1343-4feb-a866-9863b1056cc5
1.1157746388250203,25,843ace74-08e3-47c6-9181-1bcbbcb235f6
0.39654633371499026,10,3ac3ce9a-d90f-426d-adeb-323742af9bfa
0.09533231692253301,5,f613b57a-b81a-4b47-9f73-900ded212071
0.3675836009869971,10,9e0d80e1-10f2-4c28-b73a-a55d2b21773f
1.0850759935521312,25,10b3c879-bfbb-4d2d-bb6a-66512de77f55
0.4185603708912218,5,1cfa133f-fc0f-471b-b4c9-11e82008a488
0.0797608932700426,3,4efc40a0-5c2b-4b4a-a8eb-e856e5419b3c
0.003500732746132617,2,527c8cd3-54ce-4c36-8388-a741af57d5d5
0.22155977020256787,1,3b7239bf-733c-4658-980e-8b93a32fca72
0.43028051652050886,10,df65182b-17d5-4a6c-ac5a-329ae267914c
0.3524805281568843,10,994d8773-39af-402e-9dec-de2a11feabc9
0.1841245182291889,3,37c23f41-759c-45ab-baad-8b27b43d3fc2
0.32939421750563636,7,d95cbc00-cfaf-47f8-941c-18b9f1012f6e
0.1615593415271477,3,dbb7cb09-965c-4cd9-b577-a8c7fd7504a1
0.8637314710274837,25,501c00ba-08b8-46bc-b375-dad30a8da38c
0.09249090068376907,5,0cb0c7a2-a602-4b7c-8048-e1daea1f2e70
0.9155429255077177,25,480a6e83-e58c-45e4-8213-e0ffa1f57433
0.2963657973883365,6,a745039d-2224-4aa3-80a7-8e683911cf45
0.36069461601317676,5,3063ea96-ceb7-4a14-898b-7a7e3d1fbabd
0.003517514020281833,2,ef361510-5cf5-4926-8548-8445516a310c
0.1433250507861626,1,e2fd4d17-b495-412d-af45-fa7e0ddf1055
0.1179086733875658,0,d999d1ea-c820-4f29-abf1-ac718653c182
0.32721007883123693,8,54e54b8f-bc1a-45c5-8f7e-4c1170450454
0.3948904157179466,11,23b9c610-d30c-4e85-8f19-cc4bc3962697
0.4406179632239223,11,3d5f5284-77c8-432c-96cc-33ec6a001051
0.25911758019428427,4,b512eec4-f27e-4943-838a-dc7e1a6c959f
0.33000089535821436,8,33b5bff7-ba59-4005-a2f6-f428ffa93ba3
1.1157746388250203,26,843ace74-08e3-47c6-9181-1bcbbcb235f6
1.0850759935521312,26,10b3c879-bfbb-4d2d-bb6a-66512de77f55
0.4185603708912218,6,1cfa133f-fc0f-471b-b4c9-11e82008a488
0.003500732746132617,3,527c8cd3-54ce-4c36-8388-a741af57d5d5
0.22155977020256787,2,3b7239bf-733c-4658-980e-8b93a32fca72
0.43028051652050886,11,df65182b-17d5-4a6c-ac5a-329ae267914c
0.1841245182291889,4,37c23f41-759c-45ab-baad-8b27b43d3fc2
0.32939421750563636,8,d95cbc00-cfaf-47f8-941c-18b9f1012f6e
0.1615593415271477,4,dbb7cb09-965c-4cd9-b577-a8c7fd7504a1
0.36069461601317676,6,3063ea96-ceb7-4a14-898b-7a7e3d1fbabd
0.1179086733875658,1,d999d1ea-c820-4f29-abf1-ac718653c182
0.003888139070084683,3,79cc0d11-c61a-47a5-8b3f-0566c9c63646
0.8210929627881821,26,db4bad35-4d7d-44bb-8c9e-4d7d24c4e03a
0.42347240177788914,11,9bee0b39-afeb-4d87-a5f5-0d6500cefb3e
0.1313909662152666,6,fef0aec9-020d-4f09-a52c-00645547e03b
0.1218747572888778,4,f224a852-6b1d-430e-85e1-44ac403d4811
0.003500732746132617,3,57997894-9e0c-4503-9c1f-116245ec0a0d
0.1778444947440911,2,07406c87-2a53-466e-8c26-389745e02a81
0.380647416999979,11,a0fc7afa-d418-4bea-9265-6942d491afea
0.3601130658479397,4,b7b9f738-057d-4b8a-87b5-9ad4cd50a797
0.6707857987339914,26,6ad44b73-7de8-4f28-a65b-abc8a709c865
0.29838218441162145,7,5ba28b22-5d1e-48ea-8455-bdcd7cf33233
0.17434421001600237,2,102faa15-eea9-419f-a54e-cb198a1326d1
0.11671873603019942,1,4fb3232c-36d9-41fc-b6ab-4f15d16654b6
0.0744349555353787,0,e6a80792-c044-486f-85e5-106660c3b9ad
0.3948904157179466,12,23b9c610-d30c-4e85-8f19-cc4bc3962697
0.4406179632239223,12,3d5f5284-77c8-432c-96cc-33ec6a001051
0.25911758019428427,5,b512eec4-f27e-4943-838a-dc7e1a6c959f
0.33000089535821436,9,33b5bff7-ba59-4005-a2f6-f428ffa93ba3
1.1157746388250203,27,843ace74-08e3-47c6-9181-1bcbbcb235f6
1.0850759935521312,27,10b3c879-bfbb-4d2d-bb6a-66512de77f55
0.4185603708912218,7,1cfa133f-fc0f-471b-b4c9-11e82008a488
0.22155977020256787,3,3b7239bf-733c-4658-980e-8b93a32fca72
0.36069461601317676,7,3063ea96-ceb7-4a14-898b-7a7e3d1fbabd
0.1179086733875658,2,d999d1ea-c820-4f29-abf1-ac718653c182
0.003888139070084683,4,79cc0d11-c61a-47a5-8b3f-0566c9c63646
0.8210929627881821,27,db4bad35-4d7d-44bb-8c9e-4d7d24c4e03a
0.42347240177788914,12,9bee0b39-afeb-4d87-a5f5-0d6500cefb3e
0.3601130658479397,5,b7b9f738-057d-4b8a-87b5-9ad4cd50a797
0.11671873603019942,2,4fb3232c-36d9-41fc-b6ab-4f15d16654b6
0.0744349555353787,1,e6a80792-c044-486f-85e5-106660c3b9ad
0.3097782055580753,9,7b26f43f-daa0-405e-b3d0-d64e776f4883
0.3756266770245364,12,b1831d58-4678-4e8c-9ed0-32856feaf897
0.6422517511821106,27,a6743fe5-c228-4643-b7c5-731331571e9e
0.42342987033631824,7,7367d917-6a0d-45d7-831c-bbaeab5491a2
0.5125705470810722,12,4bc9f805-07fe-4d5a-b466-9096cca49a9c
0.33645214690519093,12,b2c36ff3-6805-4344-ae41-31772d9c0872
0.19025885657890398,3,c052d554-ddc8-419f-99fc-b4da615c3b6a
0.380647416999979,12,5f1a5ec1-d4ce-4d01-884c-7a2665535371
0.23728060122066483,5,1508cc19-6d84-47cd-a328-66d565aa8bd7
0.7707319515934512,27,1b135e61-7bde-44c1-acbe-b3fefab2b8a0
0.17265845367438046,3,d41853d9-efbd-4edc-b78a-6ee4f4cb168f
0.1441016863217063,2,de4b2327-5c87-4b62-80b4-79d3a9494e5b
0.026049970533737036,1,7997a620-d4cc-4f42-81b9-9c028969e077
0.039907671644849346,0,ab1c1482-c08e-44dd-831f-648a2592e983
1.1157746388250203,28,843ace74-08e3-47c6-9181-1bcbbcb235f6
1.0850759935521312,28,10b3c879-bfbb-4d2d-bb6a-66512de77f55
0.4185603708912218,8,1cfa133f-fc0f-471b-b4c9-11e82008a488
0.22155977020256787,4,3b7239bf-733c-4658-980e-8b93a32fca72
0.36069461601317676,8,3063ea96-ceb7-4a14-898b-7a7e3d1fbabd
0.42347240177788914,13,9bee0b39-afeb-4d87-a5f5-0d6500cefb3e
0.3601130658479397,6,b7b9f738-057d-4b8a-87b5-9ad4cd50a797
0.11671873603019942,3,4fb3232c-36d9-41fc-b6ab-4f15d16654b6
0.0744349555353787,2,e6a80792-c044-486f-85e5-106660c3b9ad
0.42342987033631824,8,7367d917-6a0d-45d7-831c-bbaeab5491a2
0.5125705470810722,13,4bc9f805-07fe-4d5a-b466-9096cca49a9c
0.19025885657890398,4,c052d554-ddc8-419f-99fc-b4da615c3b6a
0.23728060122066483,6,1508cc19-6d84-47cd-a328-66d565aa8bd7
0.7707319515934512,28,1b135e61-7bde-44c1-acbe-b3fefab2b8a0
0.1441016863217063,3,de4b2327-5c87-4b62-80b4-79d3a9494e5b
0.026049970533737036,2,7997a620-d4cc-4f42-81b9-9c028969e077
0.8497695587077433,28,46bf1614-0482-4e67-979a-ee2c2c14363e
1.12654441996887,28,2f59f68b-8595-4305-b025-972a5fb391ca
0.4224053942806635,8,ea81afd0-16db-4044-8fbf-e36f82969cf5
0.15108263723244195,3,a073bbe0-ee58-4ab5-814c-d996c5a6ad6c
0.682928386798354,28,b2a0b0ed-df7d-4bfa-9565-93d4b9485977
0.15464208405257365,6,515171aa-e5ec-4c36-b8ec-f17aa5179daf
0.15397218188174255,3,073faa1c-6561-4c7c-a9ec-9389e616c7f4
0.8392128502275564,28,b12a522d-65d8-4111-9de0-15c8ae349a49
0.4633039323503056,13,570c26dc-8650-4c68-948d-bef21d23ae7e
0.17766281391554672,4,ce58dc4f-7681-4d89-bc12-b6f9a5a6572b
0.4215240076730523,6,d17d8c39-0d97-4b21-b49d-d1177a6b52db
0.06757366209104233,2,08efbfd6-1807-4a9a-8cdf-677ab426266b
0.04009100208343664,1,9e7b6199-cf9c-41e3-8a3a-ddad49cf0c64
0.05088234110633989,0,c37f9eea-fcd8-41db-9ef8-baaf3c8ce634
1.1157746388250203,29,843ace74-08e3-47c6-9181-1bcbbcb235f6
1.0850759935521312,29,10b3c879-bfbb-4d2d-bb6a-66512de77f55
0.22155977020256787,5,3b7239bf-733c-4658-980e-8b93a32fca72
0.42347240177788914,14,9bee0b39-afeb-4d87-a5f5-0d6500cefb3e
0.11671873603019942,4,4fb3232c-36d9-41fc-b6ab-4f15d16654b6
0.42342987033631824,9,7367d917-6a0d-45d7-831c-bbaeab5491a2
0.5125705470810722,14,4bc9f805-07fe-4d5a-b466-9096cca49a9c
0.19025885657890398,5,c052d554-ddc8-419f-99fc-b4da615c3b6a
1.12654441996887,29,2f59f68b-8595-4305-b025-972a5fb391ca
0.4224053942806635,9,ea81afd0-16db-4044-8fbf-e36f82969cf5
0.15108263723244195,4,a073bbe0-ee58-4ab5-814c-d996c5a6ad6c
0.15397218188174255,4,073faa1c-6561-4c7c-a9ec-9389e616c7f4
0.8392128502275564,29,b12a522d-65d8-4111-9de0-15c8ae349a49
0.4633039323503056,14,570c26dc-8650-4c68-948d-bef21d23ae7e
0.17766281391554672,5,ce58dc4f-7681-4d89-bc12-b6f9a5a6572b
0.4215240076730523,7,d17d8c39-0d97-4b21-b49d-d1177a6b52db
0.06757366209104233,3,08efbfd6-1807-4a9a-8cdf-677ab426266b
0.9389079327941565,29,1ccead59-5dd1-4ee8-8c96-43f867a5f00d
0.8444597731433884,29,85949910-5fb0-4bd4-934f-3fb5831f9056
0.3602553836270812,9,b53b3d4a-d15c-4a7b-9352-0a06506221e2
0.10196259770103436,4,69c21339-bde4-4220-ac57-6e64788d2ada
0.0752031898009344,3,b23f2524-f3d4-4c0e-a9f8-76e53168c17f
0.12940558801702787,4,a74f245b-c3f9-4bc7-83f4-daeb7372ec2c
0.98091081578324,29,97f3dbfc-03fd-4742-a2bd-79b9ecb24a4c
0.22281764527893905,7,cf05dbf4-2952-47ee-9e84-2043ba29cab3
0.13800706224856926,4,860bdc8a-04e8-4172-8db6-905099a5e404
0.3372534848219998,7,980f558d-171d-4460-accd-03fe60db6b60
0.08296369224265103,3,108c7589-6b19-4c63-9836-97ef487a3020
0.05550321108393498,1,2e0a24de-1acb-4201-a28f-e47c86f476a7
0.2376554381363497,0,809cc414-29dc-432c-97d1-f3e7d1617b17
1.1157746388250203,30,843ace74-08e3-47c6-9181-1bcbbcb235f6
1.0850759935521312,30,10b3c879-bfbb-4d2d-bb6a-66512de77f55
0.22155977020256787,6,3b7239bf-733c-4658-980e-8b93a32fca72
0.42342987033631824,10,7367d917-6a0d-45d7-831c-bbaeab5491a2
0.5125705470810722,15,4bc9f805-07fe-4d5a-b466-9096cca49a9c
0.19025885657890398,6,c052d554-ddc8-419f-99fc-b4da615c3b6a
1.12654441996887,30,2f59f68b-8595-4305-b025-972a5fb391ca
0.4224053942806635,10,ea81afd0-16db-4044-8fbf-e36f82969cf5
0.15108263723244195,5,a073bbe0-ee58-4ab5-814c-d996c5a6ad6c
0.4633039323503056,15,570c26dc-8650-4c68-948d-bef21d23ae7e
0.4215240076730523,8,d17d8c39-0d97-4b21-b49d-d1177a6b52db
0.9389079327941565,30,1ccead59-5dd1-4ee8-8c96-43f867a5f00d
0.3602553836270812,10,b53b3d4a-d15c-4a7b-9352-0a06506221e2
0.3372534848219998,8,980f558d-171d-4460-accd-03fe60db6b60
0.08296369224265103,4,108c7589-6b19-4c63-9836-97ef487a3020
0.05550321108393498,2,2e0a24de-1acb-4201-a28f-e47c86f476a7
0.2376554381363497,1,809cc414-29dc-432c-97d1-f3e7d1617b17
0.3680148875079567,15,ba8f847e-0edd-41bc-88af-d45204139408
0.19411162671364376,6,ea882e58-3b72-4ece-b199-4a6c00d2614c
0.5276913662443719,30,61235d7b-9395-4d8e-a77c-3bf211830361
0.42644138983928664,10,e7d3ea5d-0c28-43cb-9478-8f92e861b081
0.8845328377658821,30,e43bb974-d227-4671-aa2d-629d0b98b7fb
0.268934021814142,8,78535ac2-5650-4198-924e-beb23c2982df
0.7661119470464003,30,a1a2f488-0869-406b-9706-0458e34d8591
0.15618561818928747,5,2a3831bf-ca5b-4794-bf70-f4889d65ceca
0.98091081578324,30,91090b75-8404-4e95-8a94-2201e02abeeb
0.2518045244310267,8,ce898e35-f6ef-43d2-8ffa-ec93386348e9
0.06240433988580279,2,7549fb20-28ec-4ede-834f-dd0cf04b4b72
0.23640558059433134,1,de15b4b3-4c55-4c05-a9b4-af328db81def
0.2578011557160417,0,36a77de5-975c-4022-8ca3-a2972f487a16
1.1157746388250203,31,843ace74-08e3-47c6-9181-1bcbbcb235f6
1.0850759935521312,31,10b3c879-bfbb-4d2d-bb6a-66512de77f55
0.42342987033631824,11,7367d917-6a0d-45d7-831c-bbaeab5491a2
0.5125705470810722,16,4bc9f805-07fe-4d5a-b466-9096cca49a9c
1.12654441996887,31,2f59f68b-8595-4305-b025-972a5fb391ca
0.4224053942806635,11,ea81afd0-16db-4044-8fbf-e36f82969cf5
0.4633039323503056,16,570c26dc-8650-4c68-948d-bef21d23ae7e
0.4215240076730523,9,d17d8c39-0d97-4b21-b49d-d1177a6b52db
0.08296369224265103,5,108c7589-6b19-4c63-9836-97ef487a3020
0.05550321108393498,3,2e0a24de-1acb-4201-a28f-e47c86f476a7
0.2376554381363497,2,809cc414-29dc-432c-97d1-f3e7d1617b17
0.42644138983928664,11,e7d3ea5d-0c28-43cb-9478-8f92e861b081
0.7661119470464003,31,a1a2f488-0869-406b-9706-0458e34d8591
0.15618561818928747,6,2a3831bf-ca5b-4794-bf70-f4889d65ceca
0.98091081578324,31,91090b75-8404-4e95-8a94-2201e02abeeb
0.23640558059433134,2,de15b4b3-4c55-4c05-a9b4-af328db81def
0.2578011557160417,1,36a77de5-975c-4022-8ca3-a2972f487a16
0.9073198564342814,31,b94e0925-16c7-4b48-90ec-0fcdb6046997
0.2763003581360392,7,1dd17285-3d9c-44f8-88d7-e85640cc50e4
0.307405319582653,9,3d3a1f5e-0cf9-45c8-b5e0-f01c68e9c71c
0.06736400184110881,3,e5d56504-7e01-473a-98e0-617f5fecf4ab
0.16481195589408693,2,ddf57069-b02c-4762-bca3-99820fe120da
0.3881498969208908,16,682f6ff7-9c79-4df3-bb95-a35196e5012f
1.1455252918459662,31,6f262cb3-605a-495e-9d47-c6b55e87f19d
0.4234282153178627,9,9893a0c3-790b-41be-8cae-e29166ab9bc7
0.7661119470464003,31,2a167372-ae61-4f92-b30d-aa1cb84ceb85
0.32393195145616016,9,a8030cf8-1062-4c1c-a243-988bfca38219
0.14139620207555914,2,d80c2ca2-c089-4579-a4af-cf73c802c9a3
0.2645803731485918,1,d98a2b2c-72b0-4fd4-a2b7-f341e57d0d9d
0.09367674054943993,0,6ec147d5-8c6a-49c6-bf44-366800922b5c
1.1157746388250203,32,843ace74-08e3-47c6-9181-1bcbbcb235f6
0.42342987033631824,12,7367d917-6a0d-45d7-831c-bbaeab5491a2
0.5125705470810722,17,4bc9f805-07fe-4d5a-b466-9096cca49a9c
1.12654441996887,32,2f59f68b-8595-4305-b025-972a5fb391ca
0.4224053942806635,12,ea81afd0-16db-4044-8fbf-e36f82969cf5
0.4215240076730523,10,d17d8c39-0d97-4b21-b49d-d1177a6b52db
0.42644138983928664,12,e7d3ea5d-0c28-43cb-9478-8f92e861b081
0.7661119470464003,32,a1a2f488-0869-406b-9706-0458e34d8591
0.98091081578324,32,91090b75-8404-4e95-8a94-2201e02abeeb
0.23640558059433134,3,de15b4b3-4c55-4c05-a9b4-af328db81def
0.2578011557160417,2,36a77de5-975c-4022-8ca3-a2972f487a16
0.9073198564342814,32,b94e0925-16c7-4b48-90ec-0fcdb6046997
0.2763003581360392,8,1dd17285-3d9c-44f8-88d7-e85640cc50e4
0.307405319582653,10,3d3a1f5e-0cf9-45c8-b5e0-f01c68e9c71c
1.1455252918459662,32,6f262cb3-605a-495e-9d47-c6b55e87f19d
0.4234282153178627,10,9893a0c3-790b-41be-8cae-e29166ab9bc7
0.7661119470464003,32,2a167372-ae61-4f92-b30d-aa1cb84ceb85
0.2645803731485918,2,d98a2b2c-72b0-4fd4-a2b7-f341e57d0d9d
0.09367674054943993,1,6ec147d5-8c6a-49c6-bf44-366800922b5c
0.8161689629904927,32,1e385830-6603-4cbf-a35e-5d523e5ba506
1.12654441996887,32,d0e59fe3-5ae5-4f8c-81d1-e126b602e097
0.23766333648865526,3,12e92c4d-b58d-44bd-97bf-5c5d86c202c9
0.23640558059433134,3,a2b7172a-7a3c-4a42-9043-1eac73b00380
0.4045332668351369,2,d7338705-919e-4569-b034-15421acd30d5
0.33040572130290047,3,d13a2873-0972-4435-84b9-3fa0b0382877
0.39877086290777375,17,a018bd9c-3a41-4523-8636-d7ecfa461f98
0.27883695762258554,10,cd95d4f0-b919-4e26-8ef7-cebc94240756
0.2173757118183881,2,d8f39fcc-6cbc-4d04-b473-68df7e1ff33d
0.08864000883516276,1,91f969e5-ee3b-43a9-b165-6928490be968
0.1759958038782273,0,088cd87c-ac0b-4691-91a7-0bb92226279f
1.1157746388250203,33,843ace74-08e3-47c6-9181-1bcbbcb235f6
0.5125705470810722,18,4bc9f805-07fe-4d5a-b466-9096cca49a9c
1.12654441996887,33,2f59f68b-8595-4305-b025-972a5fb391ca
0.4224053942806635,13,ea81afd0-16db-4044-8fbf-e36f82969cf5
0.4215240076730523,11,d17d8c39-0d97-4b21-b49d-d1177a6b52db
0.42644138983928664,13,e7d3ea5d-0c28-43cb-9478-8f92e861b081
0.98091081578324,33,91090b75-8404-4e95-8a94-2201e02abeeb
0.9073198564342814,33,b94e0925-16c7-4b48-90ec-0fcdb6046997
1.1455252918459662,33,6f262cb3-605a-495e-9d47-c6b55e87f19d
0.4234282153178627,11,9893a0c3-790b-41be-8cae-e29166ab9bc7
1.12654441996887,33,d0e59fe3-5ae5-4f8c-81d1-e126b602e097
0.23640558059433134,4,a2b7172a-7a3c-4a42-9043-1eac73b00380
0.4045332668351369,3,d7338705-919e-4569-b034-15421acd30d5
0.33040572130290047,4,d13a2873-0972-4435-84b9-3fa0b0382877
0.27883695762258554,11,cd95d4f0-b919-4e26-8ef7-cebc94240756
0.2173757118183881,3,d8f39fcc-6cbc-4d04-b473-68df7e1ff33d
0.08864000883516276,2,91f969e5-ee3b-43a9-b165-6928490be968
0.1759958038782273,1,088cd87c-ac0b-4691-91a7-0bb92226279f
0.3607682807238971,13,837df750-5810-46ef-a229-ce2d57543a41
0.3439455046693297,13,22218ae5-5ce9-418e-bf00-1b2ef0bd95f0
0.3682396380295079,13,d94d5833-191f-4229-9ebf-869e6f840f15
0.17691862406551814,4,3ffa9b66-d02e-49b6-8629-092aa658864c
0.9831614135514414,33,ca4faeff-0d5e-4822-a35f-1f72628cd707
0.34639230231095364,3,e6a6273d-d561-4c23-9318-9b2b830628a8
0.06112895385846181,2,e5909179-bdf1-4cec-9376-22e087e78ab8
0.4270399506312137,33,1ecd96b0-171f-42d5-84f5-03798e22511d
0.2443045470724139,3,d620e596-3f12-4ae3-a8f7-dd0387832e07
0.3025632694768736,18,4361d1c4-a594-4b6a-acc3-fd98c75d1ce9
0.17605797569368883,1,b437afe5-dbed-41cd-92a3-b4f0d14de4be
0.055414473184752074,0,0c67a3d1-0371-4ba8-b107-4c52be3d5777
1.1157746388250203,34,843ace74-08e3-47c6-9181-1bcbbcb235f6
0.5125705470810722,19,4bc9f805-07fe-4d5a-b466-9096cca49a9c
1.12654441996887,34,2f59f68b-8595-4305-b025-972a5fb391ca
0.4215240076730523,12,d17d8c39-0d97-4b21-b49d-d1177a6b52db
0.42644138983928664,14,e7d3ea5d-0c28-43cb-9478-8f92e861b081
0.9073198564342814,34,b94e0925-16c7-4b48-90ec-0fcdb6046997
1.1455252918459662,34,6f262cb3-605a-495e-9d47-c6b55e87f19d
0.4234282153178627,12,9893a0c3-790b-41be-8cae-e29166ab9bc7
0.4045332668351369,4,d7338705-919e-4569-b034-15421acd30d5
0.33040572130290047,5,d13a2873-0972-4435-84b9-3fa0b0382877
0.27883695762258554,12,cd95d4f0-b919-4e26-8ef7-cebc94240756
0.08864000883516276,3,91f969e5-ee3b-43a9-b165-6928490be968
0.1759958038782273,2,088cd87c-ac0b-4691-91a7-0bb92226279f
0.3682396380295079,14,d94d5833-191f-4229-9ebf-869e6f840f15
0.9831614135514414,34,ca4faeff-0d5e-4822-a35f-1f72628cd707
0.34639230231095364,4,e6a6273d-d561-4c23-9318-9b2b830628a8
0.06112895385846181,3,e5909179-bdf1-4cec-9376-22e087e78ab8
0.2443045470724139,4,d620e596-3f12-4ae3-a8f7-dd0387832e07
0.17605797569368883,2,b437afe5-dbed-41cd-92a3-b4f0d14de4be
0.055414473184752074,1,0c67a3d1-0371-4ba8-b107-4c52be3d5777
1.0245702024062504,34,899c4301-0ef8-4487-ae48-20164bf5072b
0.20930699471343442,12,e9119c55-8936-4171-84d2-4983bb6a24f1
0.980907676989914,34,f66dea7c-917b-48c1-bbbb-2c782db44b89
0.336257325796014,5,59d6fbfe-8505-4c20-a145-d0a96fe64ba2
0.2549566443097903,12,a5cc9825-d750-4350-9e47-7e07a79806c7
0.24775446284989003,4,bfcfaee5-b701-4c80-9dad-0aeb555de49b
0.1732328612759232,2,88763bdb-7cd7-4ae6-a59a-6336bba26df4
0.1838867797341604,5,e65e6b81-7902-4798-8861-f58112c5d8d9
0.05672793920904991,1,d88395f5-d214-4324-afa3-b0651155f80c
0.16558617359024586,0,7c78494c-ec76-4650-b789-a25b78dc3c8c
0.5125705470810722,20,4bc9f805-07fe-4d5a-b466-9096cca49a9c
1.12654441996887,35,2f59f68b-8595-4305-b025-972a5fb391ca
0.4215240076730523,13,d17d8c39-0d97-4b21-b49d-d1177a6b52db
0.42644138983928664,15,e7d3ea5d-0c28-43cb-9478-8f92e861b081
0.9073198564342814,35,b94e0925-16c7-4b48-90ec-0fcdb6046997
1.1455252918459662,35,6f262cb3-605a-495e-9d47-c6b55e87f19d
0.4234282153178627,13,9893a0c3-790b-41be-8cae-e29166ab9bc7
0.4045332668351369,5,d7338705-919e-4569-b034-15421acd30d5
0.27883695762258554,13,cd95d4f0-b919-4e26-8ef7-cebc94240756
0.1759958038782273,3,088cd87c-ac0b-4691-91a7-0bb92226279f
0.34639230231095364,5,e6a6273d-d561-4c23-9318-9b2b830628a8
0.17605797569368883,3,b437afe5-dbed-41cd-92a3-b4f0d14de4be
0.055414473184752074,2,0c67a3d1-0371-4ba8-b107-4c52be3d5777
0.980907676989914,35,f66dea7c-917b-48c1-bbbb-2c782db44b89
0.05672793920904991,2,d88395f5-d214-4324-afa3-b0651155f80c
0.16558617359024586,1,7c78494c-ec76-4650-b789-a25b78dc3c8c
0.633823754670064,35,8ced0ec8-9ff8-422c-9e71-08b8bd26e9ee
0.6497131910104291,35,62961a4c-8a07-4a62-b221-9a46743b34f8
0.9034445643997226,35,b0fae4a5-f506-41a5-9f63-0687c8adc3cb
0.35316490126093264,13,35bde79e-cbb4-4b47-b343-bfc407e86d9e
0.16826853881753492,3,d97c82ca-c847-4164-8979-88b5b1d6cc10
0.24938476529045664,5,3ea5c599-e5af-41d0-aa80-214dd5781433
0.05231790901729631,2,23b53389-dc49-4519-a7bc-3cb59478f70d
0.8193806922819366,35,7311b773-214d-4384-82ec-55418ad03e05
0.17011955529017936,13,02d2c424-8f71-4b9e-a07b-f14184161d09
0.3534981201694663,5,696adf29-941a-499e-8b91-36c0292992a9
0.1752496321494014,3,9d3555d6-014e-49a8-9636-e4a5ff916598
0.05086719781737897,2,fbc7d75c-111d-411d-918e-ed0781b83a1b
0.20824859097991236,1,a1df86bb-87aa-4bb5-b06a-2ece21ad99c7
0.41667882103049486,0,4a2b2b59-b477-4d46-a1d8-8b27e2ce1309
0.5125705470810722,21,4bc9f805-07fe-4d5a-b466-9096cca49a9c
1.12654441996887,36,2f59f68b-8595-4305-b025-972a5fb391ca
0.4215240076730523,14,d17d8c39-0d97-4b21-b49d-d1177a6b52db
0.42644138983928664,16,e7d3ea5d-0c28-43cb-9478-8f92e861b081
1.1455252918459662,36,6f262cb3-605a-495e-9d47-c6b55e87f19d
0.4234282153178627,14,9893a0c3-790b-41be-8cae-e29166ab9bc7
0.4045332668351369,6,d7338705-919e-4569-b034-15421acd30d5
0.27883695762258554,14,cd95d4f0-b919-4e26-8ef7-cebc94240756
0.34639230231095364,6,e6a6273d-d561-4c23-9318-9b2b830628a8
0.17605797569368883,4,b437afe5-dbed-41cd-92a3-b4f0d14de4be
0.05672793920904991,3,d88395f5-d214-4324-afa3-b0651155f80c
0.9034445643997226,36,b0fae4a5-f506-41a5-9f63-0687c8adc3cb
0.3534981201694663,6,696adf29-941a-499e-8b91-36c0292992a9
0.05086719781737897,3,fbc7d75c-111d-411d-918e-ed0781b83a1b
0.41667882103049486,1,4a2b2b59-b477-4d46-a1d8-8b27e2ce1309
0.8605916669407975,36,8d92ee17-cdb3-4a43-82d1-1e061b650932
1.0804921436475334,36,da11c4bd-e0cd-4bb1-8b61-c02655e7d89d
0.34771283626391847,6,823103ff-4f97-4082-906e-e1cc56b88e68
0.17175514639442424,4,df81e853-6eae-4a84-9a34-d9cb27e1da59
0.1760550285491001,4,1b245028-911b-40fd-bae3-343c6cbebb05
0.0937061836578474,3,c2eec709-9977-4bf5-b3f6-e4b78f9c230a
0.17403874986536486,2,0d3340dd-2493-4161-aac7-06560dac6378
0.9871733985126645,36,5610bdfa-86e7-4140-9282-f2e8022fc4e8
0.16809683381691468,4,b58f4729-b187-42af-ac5d-bf693b36915e
0.22596163423554802,6,3f75d781-d703-4c28-97a9-0bbe21c02f62
0.4451810232697242,6,a779fdee-b207-4537-8fa5-58a010d394c9
0.1729508541286663,4,cc2731d7-f006-4b80-8895-f377a97e18e4
0.1950088834331222,2,967ec8e4-2337-44ac-b84a-3c575d9b4a76
0.34394804260782735,1,676ed401-61a2-4b20-ab34-f2525df5aeeb
0.19202465415667913,0,b43c61a3-2ef5-4768-8674-2664391ab5cf
0.5125705470810722,22,4bc9f805-07fe-4d5a-b466-9096cca49a9c
1.12654441996887,37,2f59f68b-8595-4305-b025-972a5fb391ca
0.42644138983928664,17,e7d3ea5d-0c28-43cb-9478-8f92e861b081
1.1455252918459662,37,6f262cb3-605a-495e-9d47-c6b55e87f19d
0.4234282153178627,15,9893a0c3-790b-41be-8cae-e29166ab9bc7
0.4045332668351369,7,d7338705-919e-4569-b034-15421acd30d5
0.17605797569368883,5,b437afe5-dbed-41cd-92a3-b4f0d14de4be
0.9034445643997226,37,b0fae4a5-f506-41a5-9f63-0687c8adc3cb
0.41667882103049486,2,4a2b2b59-b477-4d46-a1d8-8b27e2ce1309
0.22596163423554802,7,3f75d781-d703-4c28-97a9-0bbe21c02f62
0.4451810232697242,7,a779fdee-b207-4537-8fa5-58a010d394c9
0.1729508541286663,5,cc2731d7-f006-4b80-8895-f377a97e18e4
0.1950088834331222,3,967ec8e4-2337-44ac-b84a-3c575d9b4a76
0.19202465415667913,1,b43c61a3-2ef5-4768-8674-2664391ab5cf
0.3431192761709653,22,94362459-f006-43b4-ac75-947815d2ed95
0.36210624467874675,15,5fe92569-5e8e-48fd-8e71-36c81240c709
0.057002085318074526,4,6635441e-a62c-4648-ad62-da01f1228ce7
1.1461340960643842,37,d504538c-3ea6-4238-bd93-2ef1a55c71f3
0.4215425991365938,2,c70be07b-1774-4948-b374-146fc3f2f3e3
0.8370229569087884,37,f5bb458c-393a-40a8-bb22-e523354759c1
0.9709358679453501,37,c942ff0d-6e4c-4315-b647-00794a027d33
0.16158328559239832,7,e65caa72-4e33-41d4-86ee-9ff7362e75c0
0.12810855153254233,4,9a0c84ef-776c-482a-a8ea-2b9d1741e9b4
1.0485145667152556,37,19285619-af7a-491f-8314-9ef2f3704d6d
0.16807195491283583,5,8183221b-0a8b-4651-98b5-e6ee1bc3dd84
0.23460585343358362,7,a30ad19d-8d2a-465c-aeab-f112a2009bba
0.4088990874380076,7,f67db124-8ca5-4cdf-8649-5860a8f3e42f
0.1780085226685581,5,756374d8-afd3-4859-8ff4-1b33b59e90aa
0.1893922873167274,1,575f0743-8840-4a0d-8978-fcd40c350c3f
0.04277803847397556,0,60139ce7-5230-4ac7-9f56-b01ccbf21ffc
0.5125705470810722,23,4bc9f805-07fe-4d5a-b466-9096cca49a9c
0.42644138983928664,18,e7d3ea5d-0c28-43cb-9478-8f92e861b081
1.1455252918459662,38,6f262cb3-605a-495e-9d47-c6b55e87f19d
0.4234282153178627,16,9893a0c3-790b-41be-8cae-e29166ab9bc7
0.4045332668351369,8,d7338705-919e-4569-b034-15421acd30d5
0.17605797569368883,6,b437afe5-dbed-41cd-92a3-b4f0d14de4be
0.4451810232697242,8,a779fdee-b207-4537-8fa5-58a010d394c9
0.1950088834331222,4,967ec8e4-2337-44ac-b84a-3c575d9b4a76
0.19202465415667913,2,b43c61a3-2ef5-4768-8674-2664391ab5cf
0.3431192761709653,23,94362459-f006-43b4-ac75-947815d2ed95
1.1461340960643842,38,d504538c-3ea6-4238-bd93-2ef1a55c71f3
0.4215425991365938,3,c70be07b-1774-4948-b374-146fc3f2f3e3
1.0485145667152556,38,19285619-af7a-491f-8314-9ef2f3704d6d
0.23460585343358362,8,a30ad19d-8d2a-465c-aeab-f112a2009bba
0.4088990874380076,8,f67db124-8ca5-4cdf-8649-5860a8f3e42f
0.1893922873167274,2,575f0743-8840-4a0d-8978-fcd40c350c3f
0.04277803847397556,1,60139ce7-5230-4ac7-9f56-b01ccbf21ffc
0.4657403398786181,23,d5545391-1bae-4fcf-8a5a-86da6eb9951e
1.0098151492353902,38,9877f5e2-7bb7-403a-9bb4-9601beca7c6b
0.39752080494384034,3,462d8be1-6bc2-4d48-91f2-79bc06613897
0.22596146065816625,8,d026eadc-bf39-4e17-82bd-16c78a3c8b12
0.43218502643118395,8,809361d6-f27a-4714-8ec6-1b57df062515
0.11469860038506631,4,2e5adb29-1674-4422-be1c-f691298d1d99
0.1858390188892914,2,0b91d84b-cae0-4503-b800-fdf5d81297c2
0.1189187444257411,5,78117e57-7d03-4dbe-9959-0ad9446ce4d4
1.1321070731017984,38,5a58e228-5468-44ce-985f-d19cf7418d0e
0.4044028988094194,3,b6205158-9d4b-453a-a64f-d5431ca10a0d
0.18216220100834365,6,862d7df4-0255-47dc-8947-a6b19685ebe8
0.03820860155174999,1,4a074089-76cf-4ddf-a2d2-365526bcdd59
0.2410516154525686,0,fe6a8c55-fd8f-44e6-8aca-e6c4e6810480
0.5125705470810722,24,4bc9f805-07fe-4d5a-b466-9096cca49a9c
0.42644138983928664,19,e7d3ea5d-0c28-43cb-9478-8f92e861b081
1.1455252918459662,39,6f262cb3-605a-495e-9d47-c6b55e87f19d
0.4234282153178627,17,9893a0c3-790b-41be-8cae-e29166ab9bc7
0.4045332668351369,9,d7338705-919e-4569-b034-15421acd30d5
0.4451810232697242,9,a779fdee-b207-4537-8fa5-58a010d394c9
0.19202465415667913,3,b43c61a3-2ef5-4768-8674-2664391ab5cf
1.1461340960643842,39,d504538c-3ea6-4238-bd93-2ef1a55c71f3
0.4215425991365938,4,c70be07b-1774-4948-b374-146fc3f2f3e3
0.4088990874380076,9,f67db124-8ca5-4cdf-8649-5860a8f3e42f
0.1893922873167274,3,575f0743-8840-4a0d-8978-fcd40c350c3f
0.4657403398786181,24,d5545391-1bae-4fcf-8a5a-86da6eb9951e
1.0098151492353902,39,9877f5e2-7bb7-403a-9bb4-9601beca7c6b
0.39752080494384034,4,462d8be1-6bc2-4d48-91f2-79bc06613897
0.43218502643118395,9,809361d6-f27a-4714-8ec6-1b57df062515
1.1321070731017984,39,5a58e228-5468-44ce-985f-d19cf7418d0e
0.4044028988094194,4,b6205158-9d4b-453a-a64f-d5431ca10a0d
0.03820860155174999,2,4a074089-76cf-4ddf-a2d2-365526bcdd59
0.2410516154525686,1,fe6a8c55-fd8f-44e6-8aca-e6c4e6810480
1.0505767914159516,39,f26100c8-e845-4f03-b641-6ceb8d4ea7e2
0.26302435097951926,17,230fc38d-d64f-4036-a784-e6857800b681
0.2664913205218755,5,d4a40b64-d40a-455c-a206-825999905eb2
0.19507939485331544,3,7d928861-1cf2-481b-9c07-abd40cc28f79
0.04378199819951331,2,59858fd6-77d2-42f7-ab92-818aca384de5
0.45866433073842783,24,75ee2dcb-2698-4c1f-89d7-653c81be1ce0
0.41806164285772174,4,be97b164-9966-4bd4-b1f6-08852d9cfe35
0.4084419368802435,9,e03d67db-33b3-49da-90be-2bfcdc6e2783
0.7223604405193379,39,9de3991e-d263-4a48-90bb-08a3aaed887f
0.04676584012726407,2,8070a497-34b7-4f06-8ce1-2fdc5f2e526e
0.014933072748513607,0,034dd962-7021-4fe4-a741-48084eb8cec7
0.5125705470810722,25,4bc9f805-07fe-4d5a-b466-9096cca49a9c
0.42644138983928664,20,e7d3ea5d-0c28-43cb-9478-8f92e861b081
1.1455252918459662,40,6f262cb3-605a-495e-9d47-c6b55e87f19d
0.4451810232697242,10,a779fdee-b207-4537-8fa5-58a010d394c9
1.1461340960643842,40,d504538c-3ea6-4238-bd93-2ef1a55c71f3
0.4215425991365938,5,c70be07b-1774-4948-b374-146fc3f2f3e3
0.4088990874380076,10,f67db124-8ca5-4cdf-8649-5860a8f3e42f
0.1893922873167274,4,575f0743-8840-4a0d-8978-fcd40c350c3f
0.4657403398786181,25,d5545391-1bae-4fcf-8a5a-86da6eb9951e
0.39752080494384034,5,462d8be1-6bc2-4d48-91f2-79bc06613897
0.4044028988094194,5,b6205158-9d4b-453a-a64f-d5431ca10a0d
0.2410516154525686,2,fe6a8c55-fd8f-44e6-8aca-e6c4e6810480
1.0505767914159516,40,f26100c8-e845-4f03-b641-6ceb8d4ea7e2
0.19507939485331544,4,7d928861-1cf2-481b-9c07-abd40cc28f79
0.7223604405193379,40,9de3991e-d263-4a48-90bb-08a3aaed887f
0.014933072748513607,1,034dd962-7021-4fe4-a741-48084eb8cec7
0.6764405006069938,40,931a5a94-07f8-4745-b99e-5d9bc437c723
0.4124584069464293,5,ba44e702-0120-4d02-8665-df63eef0cb80
0.19004512306427498,4,25e81f44-2603-4e9f-b166-0b8f2e07eae9
0.9728028523525359,40,1988310c-4091-44c1-b1b0-35af9b252e6a
0.2531080483336076,5,7553345e-342b-4f04-89e5-d90a4071b3b3
0.4595164615585322,10,9ba13965-eb97-4dcf-bb33-ae4e5631cd48
0.9898279610346,40,43780c1a-8044-47ad-ae13-e66060ecaa82
0.05193289667185185,3,2076872a-ff0a-4afa-b000-684273b00100
0.4625292122994498,18,c2bb01dd-1c91-402e-8e8c-e06b30763f81
0.33149945871584896,4,cd638076-a7de-4b53-87d9-a1c21125ba66
0.26032749303134284,5,d313cb38-582f-4871-83ce-c9dd4e039ece
0.05307097039197601,3,6209a289-4832-4c6a-ba57-f8ca1bb35027
0.014419842547988712,1,cf551381-0eeb-4847-a6e5-bf06c35d9f34
0.14158876863862588,0,a087f986-54a0-4680-a85d-b667f659ef28
0.5125705470810722,26,4bc9f805-07fe-4d5a-b466-9096cca49a9c
0.42644138983928664,21,e7d3ea5d-0c28-43cb-9478-8f92e861b081
1.1455252918459662,41,6f262cb3-605a-495e-9d47-c6b55e87f19d
0.4451810232697242,11,a779fdee-b207-4537-8fa5-58a010d394c9
1.1461340960643842,41,d504538c-3ea6-4238-bd93-2ef1a55c71f3
0.4215425991365938,6,c70be07b-1774-4948-b374-146fc3f2f3e3
0.1893922873167274,5,575f0743-8840-4a0d-8978-fcd40c350c3f
0.4657403398786181,26,d5545391-1bae-4fcf-8a5a-86da6eb9951e
0.39752080494384034,6,462d8be1-6bc2-4d48-91f2-79bc06613897
0.2410516154525686,3,fe6a8c55-fd8f-44e6-8aca-e6c4e6810480
0.014933072748513607,2,034dd962-7021-4fe4-a741-48084eb8cec7
0.4124584069464293,6,ba44e702-0120-4d02-8665-df63eef0cb80
0.4595164615585322,11,9ba13965-eb97-4dcf-bb33-ae4e5631cd48
0.9898279610346,41,43780c1a-8044-47ad-ae13-e66060ecaa82
0.05193289667185185,4,2076872a-ff0a-4afa-b000-684273b00100
0.4625292122994498,19,c2bb01dd-1c91-402e-8e8c-e06b30763f81
0.33149945871584896,5,cd638076-a7de-4b53-87d9-a1c21125ba66
0.05307097039197601,4,6209a289-4832-4c6a-ba57-f8ca1bb35027
0.14158876863862588,1,a087f986-54a0-4680-a85d-b667f659ef28
0.48458756042681295,26,1061239f-eb22-40bd-8ee4-cf4a530d522c
1.1527310301109908,41,8837234f-88d7-4cb8-9fac-f9310398d455
0.12212221611530542,3,1964e305-59fa-4b55-9b72-c4bf797711ec
0.3145769811120426,5,87ee3f39-540f-4c2a-8d55-6debe6a26784
1.0687774856075163,41,a4d560eb-86fc-4b6e-b02b-8f02afa237b5
0.19259693912776943,5,e944b9d0-a6a2-4ffd-a15d-465188a9741b
0.32748687917680347,6,f351be9e-da89-4e2a-bc2b-74c6fa2cf67b
0.051543254831889776,4,265b3599-449b-4221-be6c-e9c2445e22f5
0.3653746098750764,5,a324c546-ba06-4de5-9217-acbb6ac462f2
0.18523070619310966,1,858406c2-79af-45c1-9a05-c38b679b7bfc
0.08119286712833995,0,64cfba28-251c-4620-982a-97500ecae0a5
0.5125705470810722,27,4bc9f805-07fe-4d5a-b466-9096cca49a9c
0.42644138983928664,22,e7d3ea5d-0c28-43cb-9478-8f92e861b081
1.1455252918459662,42,6f262cb3-605a-495e-9d47-c6b55e87f19d
1.1461340960643842,42,d504538c-3ea6-4238-bd93-2ef1a55c71f3
0.4215425991365938,7,c70be07b-1774-4948-b374-146fc3f2f3e3
0.4657403398786181,27,d5545391-1bae-4fcf-8a5a-86da6eb9951e
0.39752080494384034,7,462d8be1-6bc2-4d48-91f2-79bc06613897
0.2410516154525686,4,fe6a8c55-fd8f-44e6-8aca-e6c4e6810480
0.014933072748513607,3,034dd962-7021-4fe4-a741-48084eb8cec7
0.4124584069464293,7,ba44e702-0120-4d02-8665-df63eef0cb80
0.4595164615585322,12,9ba13965-eb97-4dcf-bb33-ae4e5631cd48
0.9898279610346,42,43780c1a-8044-47ad-ae13-e66060ecaa82
0.4625292122994498,20,c2bb01dd-1c91-402e-8e8c-e06b30763f81
0.14158876863862588,2,a087f986-54a0-4680-a85d-b667f659ef28
1.1527310301109908,42,8837234f-88d7-4cb8-9fac-f9310398d455
1.0687774856075163,42,a4d560eb-86fc-4b6e-b02b-8f02afa237b5
0.32748687917680347,7,f351be9e-da89-4e2a-bc2b-74c6fa2cf67b
0.3653746098750764,6,a324c546-ba06-4de5-9217-acbb6ac462f2
0.18523070619310966,2,858406c2-79af-45c1-9a05-c38b679b7bfc
0.08119286712833995,1,64cfba28-251c-4620-982a-97500ecae0a5
0.4154605616495179,12,ba6bfb5e-bb3c-4e97-a74e-14aa481fa68c
0.42384752400586495,27,3421c536-50f9-47ca-abf8-65906b687748
0.3725266126306721,7,ae6cfd86-ee9c-4295-96f6-98484e22a6a7
0.23975981356715,4,52b24fc9-45ca-4beb-94cf-6641c845db33
0.46021085475088885,12,df585595-35fb-45f9-9aa2-540a7c18d974
0.8326720848050785,42,afdf4c77-0ecf-49bd-9c8c-15098afd2be8
0.3322569212200312,6,7ed7af50-8a9f-4c48-9e97-10b93b0c6b95
0.21626834558808258,4,8d59b148-5c5e-46a5-93d8-2db2babe2d58
1.0687774856075163,42,97dc3fad-4e9d-47de-bf48-a25265665fc6
0.5412739977917997,0,867ace5c-e7dc-4b5d-a804-cbeba1fdda52
1.1461340960643842,43,d504538c-3ea6-4238-bd93-2ef1a55c71f3
0.4215425991365938,8,c70be07b-1774-4948-b374-146fc3f2f3e3
0.4595164615585322,13,9ba13965-eb97-4dcf-bb33-ae4e5631cd48
0.9898279610346,43,43780c1a-8044-47ad-ae13-e66060ecaa82
0.14158876863862588,3,a087f986-54a0-4680-a85d-b667f659ef28
1.1527310301109908,43,8837234f-88d7-4cb8-9fac-f9310398d455
1.0687774856075163,43,a4d560eb-86fc-4b6e-b02b-8f02afa237b5
0.3653746098750764,7,a324c546-ba06-4de5-9217-acbb6ac462f2
0.18523070619310966,3,858406c2-79af-45c1-9a05-c38b679b7bfc
0.42384752400586495,28,3421c536-50f9-47ca-abf8-65906b687748
0.23975981356715,5,52b24fc9-45ca-4beb-94cf-6641c845db33
0.8326720848050785,43,afdf4c77-0ecf-49bd-9c8c-15098afd2be8
0.21626834558808258,5,8d59b148-5c5e-46a5-93d8-2db2babe2d58
0.5412739977917997,1,867ace5c-e7dc-4b5d-a804-cbeba1fdda52
0.6260199928574587,43,a02ed8b5-d706-4add-9202-0b79de15122d
0.4434273046973084,28,6fc9987f-75d1-4e0f-9f04-595db65c694e
0.23441447913721702,5,931744e5-fb73-4ee7-9b07-7577c20ff85b
0.3935466981809525,13,1023c454-74ab-478f-aa7d-4b8e924f1cc4
0.4033543298721269,21,993d149c-2c52-4824-bb21-bdc07b240c96
0.17118749595217628,3,44fa841d-e0d6-4dbb-91d2-a3241ad65f17
1.15994163123271,43,fc17b25a-dce7-4e56-9a7d-c165c431cb7a
0.34740561821125016,8,449e70d9-ff26-4eda-acd1-abc7bbf13435
0.4555080172020181,7,c9752e15-9d55-4465-b800-8222668c08a0
0.0882658705710649,3,cfa98e88-a075-4cff-9dfc-93c0d702667a
0.08090365529217282,2,35e677c8-adc6-431a-8852-b796a26beae0
0.25545709462225685,5,f9078533-6729-4888-92cf-f5ada8ce8aac
0.46449631002206276,13,8708f624-db32-4f56-9763-6a736dd1cf76
1.197187612946497,43,303e57d2-116a-4c87-b9e1-7aef531054b4
0.5412568257259656,1,59cb98bf-e2d0-4357-9d4d-260edfe66d8d
0.13110731061121103,0,b2af2fc4-9df3-4ecb-ba0f-60542783e0bb
1.1461340960643842,44,d504538c-3ea6-4238-bd93-2ef1a55c71f3
0.4595164615585322,14,9ba13965-eb97-4dcf-bb33-ae4e5631cd48
0.9898279610346,44,43780c1a-8044-47ad-ae13-e66060ecaa82
1.1527310301109908,44,8837234f-88d7-4cb8-9fac-f9310398d455
1.0687774856075163,44,a4d560eb-86fc-4b6e-b02b-8f02afa237b5
0.3653746098750764,8,a324c546-ba06-4de5-9217-acbb6ac462f2
0.18523070619310966,4,858406c2-79af-45c1-9a05-c38b679b7bfc
0.42384752400586495,29,3421c536-50f9-47ca-abf8-65906b687748
0.23975981356715,6,52b24fc9-45ca-4beb-94cf-6641c845db33
0.5412739977917997,2,867ace5c-e7dc-4b5d-a804-cbeba1fdda52
0.6260199928574587,44,a02ed8b5-d706-4add-9202-0b79de15122d
0.4033543298721269,22,993d149c-2c52-4824-bb21-bdc07b240c96
1.15994163123271,44,fc17b25a-dce7-4e56-9a7d-c165c431cb7a
0.4555080172020181,8,c9752e15-9d55-4465-b800-8222668c08a0
0.46449631002206276,14,8708f624-db32-4f56-9763-6a736dd1cf76
1.197187612946497,44,303e57d2-116a-4c87-b9e1-7aef531054b4
0.13110731061121103,1,b2af2fc4-9df3-4ecb-ba0f-60542783e0bb
0.261167918918135,9,c1dff6b5-c4f5-4367-8881-7050228b70b5
0.3406238580282068,8,8879ad02-6411-4489-9e30-8f9ba5f1d648
0.8326720848050785,44,6b605636-9b17-4bdb-a595-2d2a39389395
0.21672853981316864,6,dbe93855-00d7-495d-b106-69b9d3a6d416
0.3683132440179219,2,e3815c80-eec2-412e-8a0d-079c76dd77bb
0.15898370097095108,4,bfb1410a-14ae-4130-b0ab-59060bc14c31
0.6717008046697235,44,b2800f53-7f5c-445b-9991-750dc23e32ce
0.29339556267448125,4,3afde73d-bd61-4737-bdba-07807cfa9a1f
0.07798869985862245,3,e483fbd1-e6b8-4289-b437-6948937ed770
0.46546330236074857,14,4f34c65f-2f8b-4816-857c-d637930fc80d
0.4104052628153147,2,21cad42b-9613-4c8b-af0f-48e16ea31565
0.19582644230231883,1,681c835b-f082-48dd-8fb2-d3bb8c9f0cdc
0.14655776925594197,0,5cda0103-36de-40cf-b1fa-7c2e48de097d
1.1527310301109908,45,8837234f-88d7-4cb8-9fac-f9310398d455
1.0687774856075163,45,a4d560eb-86fc-4b6e-b02b-8f02afa237b5
0.3653746098750764,9,a324c546-ba06-4de5-9217-acbb6ac462f2
0.5412739977917997,3,867ace5c-e7dc-4b5d-a804-cbeba1fdda52
1.197187612946497,45,303e57d2-116a-4c87-b9e1-7aef531054b4
0.3406238580282068,9,8879ad02-6411-4489-9e30-8f9ba5f1d648
0.3683132440179219,3,e3815c80-eec2-412e-8a0d-079c76dd77bb
0.15898370097095108,5,bfb1410a-14ae-4130-b0ab-59060bc14c31
0.29339556267448125,5,3afde73d-bd61-4737-bdba-07807cfa9a1f
0.07798869985862245,4,e483fbd1-e6b8-4289-b437-6948937ed770
0.4104052628153147,3,21cad42b-9613-4c8b-af0f-48e16ea31565
0.19582644230231883,2,681c835b-f082-48dd-8fb2-d3bb8c9f0cdc
0.14655776925594197,1,5cda0103-36de-40cf-b1fa-7c2e48de097d
0.9480510623719574,45,8f6c46d6-7f3f-42cc-a70b-c07aed28d3d5
0.4595104118284568,15,40ea0a27-f3dd-4e63-a1c2-57ddc2c3960b
0.9367019666422193,45,3eaa09cf-18a4-48e4-9091-e081934961b1
0.888685911052175,45,1882d627-727f-4464-ab58-36890469150e
0.49081702795990323,30,44525eab-b11d-4166-aa46-1457182bef03
0.5087690613403366,15,92ef60ff-a056-4b9a-af22-108ee4e63411
0.9433173511412536,45,a6325b84-40e0-41b1-a4b9-0e7e38a6fcbb
0.13109444073847382,2,7fdba252-18fa-46c1-a83d-57f99dadba12
0.24464857950720936,7,27473687-dcbb-4d9d-8cb6-fa2e4f9b128b
0.5191345450985743,3,f51085cf-de0f-47fa-bce5-7b29dea02d9a
0.13815070744342048,5,27d1c19e-2905-431f-9a42-357018b0ea99
0.9821268439787897,45,b98e6834-db95-4b46-b4dc-90eecd953bf3
0.2793338782885981,5,2bb11645-10eb-4d4d-a635-5bc3ad2111af
0.28408268516720425,3,02c64f1f-8b29-419c-9b97-1e02ba5fc8a9
0.24945083109341679,2,ed08cd18-96e6-49fc-85b5-541c09dbc2dc
0.10379871581102762,1,a0afb856-e56a-44ea-a166-8defa4b2d482
0.11791050403552036,0,c00a395e-3997-47a2-b4dd-739468b700ee
1.1527310301109908,46,8837234f-88d7-4cb8-9fac-f9310398d455
0.5412739977917997,4,867ace5c-e7dc-4b5d-a804-cbeba1fdda52
1.197187612946497,46,303e57d2-116a-4c87-b9e1-7aef531054b4
0.29339556267448125,6,3afde73d-bd61-4737-bdba-07807cfa9a1f
0.19582644230231883,3,681c835b-f082-48dd-8fb2-d3bb8c9f0cdc
0.14655776925594197,2,5cda0103-36de-40cf-b1fa-7c2e48de097d
0.49081702795990323,31,44525eab-b11d-4166-aa46-1457182bef03
0.5087690613403366,16,92ef60ff-a056-4b9a-af22-108ee4e63411
0.13109444073847382,3,7fdba252-18fa-46c1-a83d-57f99dadba12
0.24464857950720936,8,27473687-dcbb-4d9d-8cb6-fa2e4f9b128b
0.5191345450985743,4,f51085cf-de0f-47fa-bce5-7b29dea02d9a
0.9821268439787897,46,b98e6834-db95-4b46-b4dc-90eecd953bf3
0.24945083109341679,3,ed08cd18-96e6-49fc-85b5-541c09dbc2dc
0.11791050403552036,1,c00a395e-3997-47a2-b4dd-739468b700ee
1.0494767630514386,46,f2bb2014-5cc4-4887-8ae6-a4f97241a3ab
0.47888386597828314,10,ce78d629-6bf6-480d-ba13-266524e0e991
0.5725157971005057,4,dde47c11-e41e-47a4-8d79-d872207c1eb1
0.34263493571193715,10,44ebb650-039c-4526-92b3-10b556c360b3
0.34263497855219244,4,c4b7dc06-b9ad-448c-95cd-d4d0c47e4aa9
0.2410567394525306,6,ff6d6a2f-53bb-41b9-93a5-0da37298f5cf
0.43042664527415836,4,6101c6bd-0f34-4698-8558-42bb2c5dd6b6
0.17943307641699974,3,f53e0612-cbd2-4ad7-8197-6bafd5d9aed5
0.12737240182792706,2,9d2cf949-bf95-4ab8-a6f7-741a8bf348eb
0.7211621866721372,46,cff3e9c7-5258-4f79-bc58-86bc07b36079
1.1842268652046835,46,177799d0-b065-4242-b419-2df38624bff3
0.980151077940125,46,d9057556-1b6d-4b94-a038-1c7be6a628d4
0.13870832920947215,3,63d44fbd-219d-4a41-be42-b27aa40cb507
0.10146273365250923,2,5290bb42-27be-4fbd-b855-438cd3e6b305
0.11883828958967801,1,13f9508d-c8de-4f57-8f31-954608fc68e6
0.09699622097304511,0,ca4bb051-580a-42c8-9a82-a90acca77031
1.1527310301109908,47,8837234f-88d7-4cb8-9fac-f9310398d455
0.5412739977917997,5,867ace5c-e7dc-4b5d-a804-cbeba1fdda52
1.197187612946497,47,303e57d2-116a-4c87-b9e1-7aef531054b4
0.14655776925594197,3,5cda0103-36de-40cf-b1fa-7c2e48de097d
0.5191345450985743,5,f51085cf-de0f-47fa-bce5-7b29dea02d9a
0.9821268439787897,47,b98e6834-db95-4b46-b4dc-90eecd953bf3
0.24945083109341679,4,ed08cd18-96e6-49fc-85b5-541c09dbc2dc
0.47888386597828314,11,ce78d629-6bf6-480d-ba13-266524e0e991
0.5725157971005057,5,dde47c11-e41e-47a4-8d79-d872207c1eb1
0.34263493571193715,11,44ebb650-039c-4526-92b3-10b556c360b3
0.43042664527415836,5,6101c6bd-0f34-4698-8558-42bb2c5dd6b6
0.12737240182792706,3,9d2cf949-bf95-4ab8-a6f7-741a8bf348eb
1.1842268652046835,47,177799d0-b065-4242-b419-2df38624bff3
0.10146273365250923,3,5290bb42-27be-4fbd-b855-438cd3e6b305
0.09699622097304511,1,ca4bb051-580a-42c8-9a82-a90acca77031
0.5412723237698993,5,6c5b16d0-d70b-401e-9c95-cbfaabfa2eb4
0.18571426008005087,4,79688ba7-8ca4-42a3-b7cf-3c8ce955f920
0.3210061545615826,17,c8716a02-3f39-4352-8078-34f1972b66d1
0.2424932526860772,9,d3a70fcd-38e1-49e1-8b04-b42452bd1251
0.48032026936217914,5,dd404a4d-ac0e-4ce2-8e87-2b5245a02285
0.1744541989712497,4,1aaf2fb2-18b0-4f0a-b32f-648760317f39
0.11966183582473425,2,e8ffc75e-a710-487e-ad0b-bf5bef946ba2
0.823968038256216,47,ab49844c-ee65-4d46-b24f-247ceb0bdfca
0.21712652266873836,5,769a694c-49ab-4d74-9551-47f074625ee7
0.30992663957984257,5,5a7b0507-6890-4981-a8ee-abf7910601a9
0.19765527846365777,4,8dca6eb5-9278-4a7f-8301-51a63e5e775a
0.6767609656193092,47,50c000d3-3d03-4d29-b950-8282751d8065
0.11975578866842028,2,5156f806-b7d7-4205-8bd3-10968f853750
0.09628151696622743,1,822ac440-ac12-431b-855d-8699ac9eb400
0.1582198748790199,0,99bd5c50-3baf-4f53-acf0-ffd371774e36
1.1527310301109908,48,8837234f-88d7-4cb8-9fac-f9310398d455
1.197187612946497,48,303e57d2-116a-4c87-b9e1-7aef531054b4
0.14655776925594197,4,5cda0103-36de-40cf-b1fa-7c2e48de097d
0.5191345450985743,6,f51085cf-de0f-47fa-bce5-7b29dea02d9a
0.9821268439787897,48,b98e6834-db95-4b46-b4dc-90eecd953bf3
0.24945083109341679,5,ed08cd18-96e6-49fc-85b5-541c09dbc2dc
0.5725157971005057,6,dde47c11-e41e-47a4-8d79-d872207c1eb1
0.34263493571193715,12,44ebb650-039c-4526-92b3-10b556c360b3
0.12737240182792706,4,9d2cf949-bf95-4ab8-a6f7-741a8bf348eb
1.1842268652046835,48,177799d0-b065-4242-b419-2df38624bff3
0.09699622097304511,2,ca4bb051-580a-42c8-9a82-a90acca77031
0.5412723237698993,6,6c5b16d0-d70b-401e-9c95-cbfaabfa2eb4
0.18571426008005087,5,79688ba7-8ca4-42a3-b7cf-3c8ce955f920
0.11966183582473425,3,e8ffc75e-a710-487e-ad0b-bf5bef946ba2
0.19765527846365777,5,8dca6eb5-9278-4a7f-8301-51a63e5e775a
0.6767609656193092,48,50c000d3-3d03-4d29-b950-8282751d8065
0.11975578866842028,3,5156f806-b7d7-4205-8bd3-10968f853750
0.09628151696622743,2,822ac440-ac12-431b-855d-8699ac9eb400
1.0914511483232086,48,a62486f0-0960-40c7-8cbf-ff47108cfe68
0.5027536632743217,6,4e63ba92-a596-41bd-98e5-05178195b88f
0.9755911262730314,48,33e5dd0a-8d92-4bf4-9af2-20dd2d7c7eba
0.6781245096218147,48,eb24693a-1e4a-409d-b1f8-6146ad926230
0.5451694681334026,6,7e50a802-65d9-40f9-b51f-aac6acc50a89
0.16532072118509847,5,b7213ef1-e8cc-4fb2-98b0-14644ed266eb
0.5565068803400997,18,8a05b5db-9e49-4470-be2a-ba66d17664a8
0.12509077775113994,3,abceea77-d8f7-4d89-b04e-3fc23d18ae18
0.35132042544380576,6,9ddad532-feee-4c02-9b7a-47618d56729f
0.21240342926804995,5,2ca210e1-3fd9-46ff-a908-5556d2e8d479
0.23536032358817452,1,aefb06a3-e2f5-452f-bbbf-32337be8ec8e
0.07673998584057222,0,5d5ba352-0daa-4ee6-90ff-aa646e5a1551
1.1527310301109908,49,8837234f-88d7-4cb8-9fac-f9310398d455
1.197187612946497,49,303e57d2-116a-4c87-b9e1-7aef531054b4
0.14655776925594197,5,5cda0103-36de-40cf-b1fa-7c2e48de097d
0.5191345450985743,7,f51085cf-de0f-47fa-bce5-7b29dea02d9a
0.24945083109341679,6,ed08cd18-96e6-49fc-85b5-541c09dbc2dc
0.5725157971005057,7,dde47c11-e41e-47a4-8d79-d872207c1eb1
1.1842268652046835,49,177799d0-b065-4242-b419-2df38624bff3
0.11966183582473425,4,e8ffc75e-a710-487e-ad0b-bf5bef946ba2
0.19765527846365777,6,8dca6eb5-9278-4a7f-8301-51a63e5e775a
0.6767609656193092,49,50c000d3-3d03-4d29-b950-8282751d8065
0.09628151696622743,3,822ac440-ac12-431b-855d-8699ac9eb400
1.0914511483232086,49,a62486f0-0960-40c7-8cbf-ff47108cfe68
0.9755911262730314,49,33e5dd0a-8d92-4bf4-9af2-20dd2d7c7eba
0.5451694681334026,7,7e50a802-65d9-40f9-b51f-aac6acc50a89
0.16532072118509847,6,b7213ef1-e8cc-4fb2-98b0-14644ed266eb
0.12509077775113994,4,abceea77-d8f7-4d89-b04e-3fc23d18ae18
0.21240342926804995,6,2ca210e1-3fd9-46ff-a908-5556d2e8d479
0.23536032358817452,2,aefb06a3-e2f5-452f-bbbf-32337be8ec8e
0.07673998584057222,1,5d5ba352-0daa-4ee6-90ff-aa646e5a1551
0.5643594621863404,7,90b7daa3-95c1-4fec-bea6-a39406d36eb5
0.20774889288915505,6,f5bb6009-5a2f-475b-8634-5b824161dc82
0.575936708835062,7,c9c21c63-399f-418a-88ab-ca15ff799fef
0.08613403125923882,3,9cbcd888-46f3-48d4-a4c8-c29705b7ebe4
0.1214263266005876,4,a558eb70-640c-4e38-ac8f-466191ba6160
0.3384841015103632,49,7c2abed8-178c-42ee-97d8-3bc40ce43d0c
0.3962629079721985,7,8cc1d841-0274-4799-b83e-e1e6e532205a
0.21249221377529304,6,eb0de498-3ab8-43f2-b2e3-e1790cdb8c35
0.19139413344303624,2,a89b3032-4e2b-4f5d-bac8-aea241f14131
0.0777614000229114,1,89fd9a7c-4171-4863-81ec-258ca9c6d0a1
0.07740783444061489,0,bd43c987-88e3-43fc-9335-1be0632824fd
1.197187612946497,50,303e57d2-116a-4c87-b9e1-7aef531054b4
0.14655776925594197,6,5cda0103-36de-40cf-b1fa-7c2e48de097d
0.24945083109341679,7,ed08cd18-96e6-49fc-85b5-541c09dbc2dc
1.1842268652046835,50,177799d0-b065-4242-b419-2df38624bff3
0.6767609656193092,50,50c000d3-3d03-4d29-b950-8282751d8065
0.09628151696622743,4,822ac440-ac12-431b-855d-8699ac9eb400
1.0914511483232086,50,a62486f0-0960-40c7-8cbf-ff47108cfe68
0.5451694681334026,8,7e50a802-65d9-40f9-b51f-aac6acc50a89
0.12509077775113994,5,abceea77-d8f7-4d89-b04e-3fc23d18ae18
0.21240342926804995,7,2ca210e1-3fd9-46ff-a908-5556d2e8d479
0.23536032358817452,3,aefb06a3-e2f5-452f-bbbf-32337be8ec8e
0.07673998584057222,2,5d5ba352-0daa-4ee6-90ff-aa646e5a1551
0.08613403125923882,4,9cbcd888-46f3-48d4-a4c8-c29705b7ebe4
0.19139413344303624,3,a89b3032-4e2b-4f5d-bac8-aea241f14131
0.0777614000229114,2,89fd9a7c-4171-4863-81ec-258ca9c6d0a1
0.07740783444061489,1,bd43c987-88e3-43fc-9335-1be0632824fd
0.9516877254605389,50,56266e60-a23d-437e-ab1c-d5557bece032
1.1824807205177132,50,1760be28-a284-4e36-b631-efbea3935b77
0.4864064841930976,8,21b5236d-3bcb-4903-bd87-2748158e503e
0.5146643277252143,8,5872b6bd-24a9-40eb-9b61-ef88066074e4
0.903197260009629,50,27085501-2561-4f64-ac22-a470439a3d6c
0.10172781307027239,4,3d9c9368-c254-414b-bead-5d5006f6ee94
1.0494814834009214,50,0e4c569c-66d3-452d-b6f2-eb291f585ee9
0.22591278016296595,3,27b65dc9-fbf8-4d5e-b43c-5a0215b788c5
0.07593930776370333,2,f1b5ac2c-2ee6-4ff4-ae91-6bf6837f7222
0.2150483136629322,7,331ea25e-d3ff-48b7-9344-35ab04eaf3e4
0.6525930349626982,8,408b7942-8b6a-4b13-8b6a-014d956f8787
0.1170789465311286,5,1fb0ca26-662c-480a-9ce1-f49b66edf0ca
0.0843211222014768,2,51709b1e-e054-4ca8-a416-8118566ac39f
0.1398252304172944,0,0c40e07d-80db-4b7f-ae43-0da01b0aeb81
1.197187612946497,51,303e57d2-116a-4c87-b9e1-7aef531054b4
0.14655776925594197,7,5cda0103-36de-40cf-b1fa-7c2e48de097d
0.24945083109341679,8,ed08cd18-96e6-49fc-85b5-541c09dbc2dc
1.1842268652046835,51,177799d0-b065-4242-b419-2df38624bff3
0.5451694681334026,9,7e50a802-65d9-40f9-b51f-aac6acc50a89
0.23536032358817452,4,aefb06a3-e2f5-452f-bbbf-32337be8ec8e
0.07673998584057222,3,5d5ba352-0daa-4ee6-90ff-aa646e5a1551
0.9516877254605389,51,56266e60-a23d-437e-ab1c-d5557bece032
1.1824807205177132,51,1760be28-a284-4e36-b631-efbea3935b77
0.4864064841930976,9,21b5236d-3bcb-4903-bd87-2748158e503e
0.5146643277252143,9,5872b6bd-24a9-40eb-9b61-ef88066074e4
0.2150483136629322,8,331ea25e-d3ff-48b7-9344-35ab04eaf3e4
0.6525930349626982,9,408b7942-8b6a-4b13-8b6a-014d956f8787
0.0843211222014768,3,51709b1e-e054-4ca8-a416-8118566ac39f
0.1398252304172944,1,0c40e07d-80db-4b7f-ae43-0da01b0aeb81
1.1842268652046835,51,8186ac80-9426-4f2e-954e-dc775a386874
0.0890813604869518,5,d99cc27b-89e3-4b7c-963e-12507190a23f
0.20753174166846286,8,17ce0b5c-f3a3-4161-8253-9c1ccb3eef43
0.0776324653552565,3,15794b82-6402-4bb9-8401-2be8547cdd2c
0.2524866230449461,4,b919ef86-3878-4aba-886e-0031e5f1099e
0.07445223518302267,3,fbd0637e-1f24-4ebd-995f-30c507077847
0.09582555535303589,2,0102ca12-f37b-4488-abdc-f1244981e902
0.647251057663274,51,929d2096-3d1a-4a6c-8cee-c9145c783457
0.4517901101880279,9,d70bb057-453f-461a-86ee-35bbe6902e5a
0.4666589696947394,9,a3d9b397-1d75-4577-a492-960514d2f362
0.22681267017308884,4,7142da94-258e-4de7-824c-b0f7e842201c
0.1462683495251403,3,796b53c5-198e-47b7-8021-6379a6ca2929
0.2785273890632086,8,aa13a64c-8304-4afe-b15e-fc9eb9670e63
0.12942392647408416,1,c4fe08c9-876d-4c2a-aef0-b3a949d18b3a
0.2221949614600361,0,3a1d5f43-44d5-422a-92bf-a4afb5cfd40e
1.197187612946497,52,303e57d2-116a-4c87-b9e1-7aef531054b4
0.14655776925594197,8,5cda0103-36de-40cf-b1fa-7c2e48de097d
0.24945083109341679,9,ed08cd18-96e6-49fc-85b5-541c09dbc2dc
1.1842268652046835,52,177799d0-b065-4242-b419-2df38624bff3
0.5451694681334026,10,7e50a802-65d9-40f9-b51f-aac6acc50a89
0.23536032358817452,5,aefb06a3-e2f5-452f-bbbf-32337be8ec8e
0.9516877254605389,52,56266e60-a23d-437e-ab1c-d5557bece032
1.1824807205177132,52,1760be28-a284-4e36-b631-efbea3935b77
0.5146643277252143,10,5872b6bd-24a9-40eb-9b61-ef88066074e4
0.6525930349626982,10,408b7942-8b6a-4b13-8b6a-014d956f8787
0.1398252304172944,2,0c40e07d-80db-4b7f-ae43-0da01b0aeb81
1.1842268652046835,52,8186ac80-9426-4f2e-954e-dc775a386874
0.2524866230449461,5,b919ef86-3878-4aba-886e-0031e5f1099e
0.09582555535303589,3,0102ca12-f37b-4488-abdc-f1244981e902
0.22681267017308884,5,7142da94-258e-4de7-824c-b0f7e842201c
0.1462683495251403,4,796b53c5-198e-47b7-8021-6379a6ca2929
0.2785273890632086,9,aa13a64c-8304-4afe-b15e-fc9eb9670e63
0.2221949614600361,1,3a1d5f43-44d5-422a-92bf-a4afb5cfd40e
0.22165283185489962,9,b6d60a62-671c-41da-a0d5-ad992e20acb7
0.8817476551657861,52,414fe79c-9a9e-4c59-8870-ea984f45925e
0.20839424405865792,5,ab2f0512-37d8-44f8-8d3c-8cb07a0a43e7
0.07855090484964988,4,502cdb56-2bc9-4fd0-a181-7fbc4f5b76fb
1.0943763323334397,52,5ce631e8-7a77-4dd7-9744-689b739eae2f
0.07898685817408915,4,10762d20-6554-43c7-86b5-7012eca61e1e
0.793880318092479,52,39dc8c80-34f0-41c0-9a94-e4f116d107bd
0.4546565669301126,10,384aac09-1b56-4257-b2a4-af3f10ce15f6
0.14647618525811107,4,efe104c4-66b0-4cbf-8a9d-6ff53b227d3e
0.2811432358482828,9,9d92b847-cd45-47d9-8989-60630065a0d6
0.18914723222367028,1,c0e98ba2-fdec-478d-969a-1c3b98ee6a8a
0.25502375491404355,0,b5630219-49df-4c23-9e66-a5a61ff1340d
1.197187612946497,53,303e57d2-116a-4c87-b9e1-7aef531054b4
0.14655776925594197,9,5cda0103-36de-40cf-b1fa-7c2e48de097d
0.24945083109341679,10,ed08cd18-96e6-49fc-85b5-541c09dbc2dc
1.1842268652046835,53,177799d0-b065-4242-b419-2df38624bff3
0.5451694681334026,11,7e50a802-65d9-40f9-b51f-aac6acc50a89
0.9516877254605389,53,56266e60-a23d-437e-ab1c-d5557bece032
0.5146643277252143,11,5872b6bd-24a9-40eb-9b61-ef88066074e4
0.6525930349626982,11,408b7942-8b6a-4b13-8b6a-014d956f8787
0.1398252304172944,3,0c40e07d-80db-4b7f-ae43-0da01b0aeb81
1.1842268652046835,53,8186ac80-9426-4f2e-954e-dc775a386874
0.2524866230449461,6,b919ef86-3878-4aba-886e-0031e5f1099e
0.2785273890632086,10,aa13a64c-8304-4afe-b15e-fc9eb9670e63
0.2221949614600361,2,3a1d5f43-44d5-422a-92bf-a4afb5cfd40e
0.8817476551657861,53,414fe79c-9a9e-4c59-8870-ea984f45925e
0.07855090484964988,5,502cdb56-2bc9-4fd0-a181-7fbc4f5b76fb
0.4546565669301126,11,384aac09-1b56-4257-b2a4-af3f10ce15f6
0.14647618525811107,5,efe104c4-66b0-4cbf-8a9d-6ff53b227d3e
0.2811432358482828,10,9d92b847-cd45-47d9-8989-60630065a0d6
0.25502375491404355,1,b5630219-49df-4c23-9e66-a5a61ff1340d
0.9399854574797389,53,94fffaf8-cb54-4116-9649-c90df2259a48
0.25629082233394423,10,1fa62e7e-92a8-47f1-acf4-fa02fa1cae9e
0.997763900860209,53,4bf09c25-4a43-40e6-bfba-40d41dc4a087
0.2312794585312393,6,f7020646-b2a8-4d6e-bc81-b509e3540c45
0.13559974418788742,4,2a36372d-f4ad-4f75-8ada-6b244bb5fca5
0.21859388187909914,2,096b9d0b-e938-4c97-af4a-2dda3a21d372
0.07811563553585885,5,32bc6a3a-fd24-4545-9f5c-b4067946c4db
0.37172175702201343,11,3c452540-90ab-4331-9d89-0e8f6e0e07d4
0.14755426943129477,5,2db3c0af-35b2-4bee-94ad-cae63b106dfd
0.18514275385959408,2,0ab4b527-859a-4f5d-ad94-2d991130a51e
0.0755190003294051,0,609f8950-853e-4afc-938c-3d6cfd031b11
1.197187612946497,54,303e57d2-116a-4c87-b9e1-7aef531054b4
1.1842268652046835,54,177799d0-b065-4242-b419-2df38624bff3
0.9516877254605389,54,56266e60-a23d-437e-ab1c-d5557bece032
0.5146643277252143,12,5872b6bd-24a9-40eb-9b61-ef88066074e4
0.6525930349626982,12,408b7942-8b6a-4b13-8b6a-014d956f8787
1.1842268652046835,54,8186ac80-9426-4f2e-954e-dc775a386874
0.2524866230449461,7,b919ef86-3878-4aba-886e-0031e5f1099e
0.2785273890632086,11,aa13a64c-8304-4afe-b15e-fc9eb9670e63
0.8817476551657861,54,414fe79c-9a9e-4c59-8870-ea984f45925e
0.4546565669301126,12,384aac09-1b56-4257-b2a4-af3f10ce15f6
0.2811432358482828,11,9d92b847-cd45-47d9-8989-60630065a0d6
0.25502375491404355,2,b5630219-49df-4c23-9e66-a5a61ff1340d
0.25629082233394423,11,1fa62e7e-92a8-47f1-acf4-fa02fa1cae9e
0.2312794585312393,7,f7020646-b2a8-4d6e-bc81-b509e3540c45
0.13559974418788742,5,2a36372d-f4ad-4f75-8ada-6b244bb5fca5
0.21859388187909914,3,096b9d0b-e938-4c97-af4a-2dda3a21d372
0.37172175702201343,12,3c452540-90ab-4331-9d89-0e8f6e0e07d4
0.0755190003294051,1,609f8950-853e-4afc-938c-3d6cfd031b11
0.1391651053525561,4,5f53d15b-e8d2-4c29-b9a2-f117ee077fe6
0.25281320830673787,7,3a4a354c-fa0f-4019-bdaf-dfe888898b44
0.2073203136170353,3,90ec2045-22f3-45b0-9982-6aa90bf4ffaf
0.857694781677365,54,c8c12b94-3351-4488-bbaf-5facb8a7f2f3
0.23913983726245347,11,b148b24b-d68b-481e-8930-25bd0209d0fd
0.1477051571205295,2,9c21db1a-d499-4ee8-922e-b919c098283d
0.1841579650086555,11,798f7bc9-6685-45ec-81ae-fd1dd7b52883
0.23032004785276688,3,dd075c56-38b7-4d53-80e9-d5ed24176704
0.14731282691031025,6,c53b0c9f-ea53-4143-805e-cbcf3f4fe0f6
0.19088495775204375,3,cd16efed-aa07-4d6d-aa07-ccce850dc72d
0.07391556183909934,1,b53f243e-995b-4bef-9866-2a31a943a8e1
0.11177090872332889,0,31dc4118-3e26-448f-9041-6a4b1910838d
1.197187612946497,55,303e57d2-116a-4c87-b9e1-7aef531054b4
1.1842268652046835,55,177799d0-b065-4242-b419-2df38624bff3
0.5146643277252143,13,5872b6bd-24a9-40eb-9b61-ef88066074e4
0.6525930349626982,13,408b7942-8b6a-4b13-8b6a-014d956f8787
1.1842268652046835,55,8186ac80-9426-4f2e-954e-dc775a386874
0.4546565669301126,13,384aac09-1b56-4257-b2a4-af3f10ce15f6
0.2811432358482828,12,9d92b847-cd45-47d9-8989-60630065a0d6
0.25502375491404355,3,b5630219-49df-4c23-9e66-a5a61ff1340d
0.0755190003294051,2,609f8950-853e-4afc-938c-3d6cfd031b11
0.25281320830673787,8,3a4a354c-fa0f-4019-bdaf-dfe888898b44
0.23913983726245347,12,b148b24b-d68b-481e-8930-25bd0209d0fd
0.1477051571205295,3,9c21db1a-d499-4ee8-922e-b919c098283d
0.19088495775204375,4,cd16efed-aa07-4d6d-aa07-ccce850dc72d
0.07391556183909934,2,b53f243e-995b-4bef-9866-2a31a943a8e1
0.11177090872332889,1,31dc4118-3e26-448f-9041-6a4b1910838d
0.9070902728401201,55,cdf14c1a-bab3-4c88-9471-48f6c86ac4aa
1.1296004670700435,55,6b21685c-21c2-429c-a52c-8e5e86d55e6e
0.3696772240383995,13,06c42f33-6e68-4555-8c08-9519ae4f15dc
0.6465418201812546,55,3af67a38-6ac2-454a-9ec2-40996014c8ef
0.3332651814188404,12,d4f6a613-e065-4861-bbc9-f7156a53c576
0.28823222120349296,3,e6587d34-00df-4b1a-bcbc-1f682064ee50
0.17999825341195752,6,8af4fbe6-aa7d-472a-a8b4-393ab79305b1
0.2045299164217143,4,1196d084-3bf1-427d-bd70-beabc3353183
0.08158994565043728,2,25a90ec5-a553-45fd-bfd4-0d93fb2b75f7
0.23913957383602225,12,2e4b006a-35f3-4944-a48a-769ca50b8a49
0.2797908026770344,3,899a7e9c-1b83-4f1e-be0b-bba5e4a18c18
0.2300918749705451,4,a551e48e-a2db-4130-acc2-22dc67c42a0a
0.32464023472357767,4,c45dfc14-e70f-4f6c-ab84-a354ef3ea3e3
0.12616327534875146,1,3896fb12-2896-48e8-818a-372b0e94ba4a
0.18040410456771425,0,bb121d16-6578-4107-a8fb-871ce3060801
1.197187612946497,56,303e57d2-116a-4c87-b9e1-7aef531054b4
1.1842268652046835,56,177799d0-b065-4242-b419-2df38624bff3
0.5146643277252143,14,5872b6bd-24a9-40eb-9b61-ef88066074e4
0.6525930349626982,14,408b7942-8b6a-4b13-8b6a-014d956f8787
1.1842268652046835,56,8186ac80-9426-4f2e-954e-dc775a386874
0.2811432358482828,13,9d92b847-cd45-47d9-8989-60630065a0d6
0.25502375491404355,4,b5630219-49df-4c23-9e66-a5a61ff1340d
0.25281320830673787,9,3a4a354c-fa0f-4019-bdaf-dfe888898b44
0.11177090872332889,2,31dc4118-3e26-448f-9041-6a4b1910838d
1.1296004670700435,56,6b21685c-21c2-429c-a52c-8e5e86d55e6e
0.3696772240383995,14,06c42f33-6e68-4555-8c08-9519ae4f15dc
0.3332651814188404,13,d4f6a613-e065-4861-bbc9-f7156a53c576
0.28823222120349296,4,e6587d34-00df-4b1a-bcbc-1f682064ee50
0.17999825341195752,7,8af4fbe6-aa7d-472a-a8b4-393ab79305b1
0.2045299164217143,5,1196d084-3bf1-427d-bd70-beabc3353183
0.08158994565043728,3,25a90ec5-a553-45fd-bfd4-0d93fb2b75f7
0.23913957383602225,13,2e4b006a-35f3-4944-a48a-769ca50b8a49
0.2797908026770344,4,899a7e9c-1b83-4f1e-be0b-bba5e4a18c18
0.32464023472357767,5,c45dfc14-e70f-4f6c-ab84-a354ef3ea3e3
0.18040410456771425,1,bb121d16-6578-4107-a8fb-871ce3060801
0.9905624963711575,56,6007ff61-e1de-4a73-a989-5380fc065391
0.1718825471298019,4,1ef76dbe-85a0-40bd-9b05-7d35547744c3
0.29831396974658936,13,c141c54c-0458-42e6-a63e-e737d1f915d1
0.8341828867388701,56,5ed0f1c6-5415-47c7-a277-923e74d5bea3
0.4784289624794156,14,c0f543e2-6743-43d2-b5b1-0bf09d587b0d
0.270311190348736,4,79d4b3e0-edb8-452c-ab05-62e42efb65b7
0.13737184958845708,5,38e25e1c-c840-4c9c-aa69-eec2b9c8c6c9
0.1261724304188133,2,365a7e6f-4da4-4c2f-8375-a9431187c0de
0.1781979180861626,1,94c31f9d-c7b8-4c4e-9df4-26db7c3f739d
0.32184044954087065,0,27753c87-b4d5-4758-9e91-9de1dc22b563
1.197187612946497,57,303e57d2-116a-4c87-b9e1-7aef531054b4
1.1842268652046835,57,177799d0-b065-4242-b419-2df38624bff3
0.5146643277252143,15,5872b6bd-24a9-40eb-9b61-ef88066074e4
0.6525930349626982,15,408b7942-8b6a-4b13-8b6a-014d956f8787
1.1842268652046835,57,8186ac80-9426-4f2e-954e-dc775a386874
0.2811432358482828,14,9d92b847-cd45-47d9-8989-60630065a0d6
0.25502375491404355,5,b5630219-49df-4c23-9e66-a5a61ff1340d
0.3696772240383995,15,06c42f33-6e68-4555-8c08-9519ae4f15dc
0.28823222120349296,5,e6587d34-00df-4b1a-bcbc-1f682064ee50
0.23913957383602225,14,2e4b006a-35f3-4944-a48a-769ca50b8a49
0.32464023472357767,6,c45dfc14-e70f-4f6c-ab84-a354ef3ea3e3
0.9905624963711575,57,6007ff61-e1de-4a73-a989-5380fc065391
0.29831396974658936,14,c141c54c-0458-42e6-a63e-e737d1f915d1
0.4784289624794156,15,c0f543e2-6743-43d2-b5b1-0bf09d587b0d
0.270311190348736,5,79d4b3e0-edb8-452c-ab05-62e42efb65b7
0.1261724304188133,3,365a7e6f-4da4-4c2f-8375-a9431187c0de
0.1781979180861626,2,94c31f9d-c7b8-4c4e-9df4-26db7c3f739d
0.32184044954087065,1,27753c87-b4d5-4758-9e91-9de1dc22b563
1.197187612946497,57,6b82308e-49e2-4ad9-bd5b-79d474186b13
0.3511694119529892,5,5a5b4f05-d2dc-4382-aa3f-99979f5b3d83
0.06797778058049928,3,0fc21ab7-da3e-4b1e-91a0-d1a9940e1ed3
0.3618417821657325,14,e1cb71b1-6065-4edc-a0a5-8c6e543c4725
0.3004883117788656,5,cea226b3-0ee7-4763-9292-e6e8cf43a468
0.1211854034677614,4,65eac911-e71e-4030-9fcf-d7134c36a3fc
0.16795387416043198,5,23af09a3-e990-451b-8357-6ccd78bf2e1e
0.18153805325515426,2,f1afd1f9-bf2e-4a93-8d77-5abf2fa274a6
0.23960350958808882,5,5886abc7-8e8c-46d5-a56b-9e3a797670f9
0.29055171270552343,5,0b01ce64-b7b1-4042-9b29-a1b1b5f67bb6
0.17255202718766094,2,f45393b2-a630-41dd-a084-a72bfb4cd125
0.10330954268390212,0,92f6d589-c1e2-4472-b85a-a3b23ce90066
1.197187612946497,58,303e57d2-116a-4c87-b9e1-7aef531054b4
1.1842268652046835,58,177799d0-b065-4242-b419-2df38624bff3
0.5146643277252143,16,5872b6bd-24a9-40eb-9b61-ef88066074e4
0.6525930349626982,16,408b7942-8b6a-4b13-8b6a-014d956f8787
1.1842268652046835,58,8186ac80-9426-4f2e-954e-dc775a386874
0.3696772240383995,16,06c42f33-6e68-4555-8c08-9519ae4f15dc
0.9905624963711575,58,6007ff61-e1de-4a73-a989-5380fc065391
0.270311190348736,6,79d4b3e0-edb8-452c-ab05-62e42efb65b7
0.1781979180861626,3,94c31f9d-c7b8-4c4e-9df4-26db7c3f739d
0.32184044954087065,2,27753c87-b4d5-4758-9e91-9de1dc22b563
1.197187612946497,58,6b82308e-49e2-4ad9-bd5b-79d474186b13
0.3618417821657325,15,e1cb71b1-6065-4edc-a0a5-8c6e543c4725
0.3004883117788656,6,cea226b3-0ee7-4763-9292-e6e8cf43a468
0.18153805325515426,3,f1afd1f9-bf2e-4a93-8d77-5abf2fa274a6
0.29055171270552343,6,0b01ce64-b7b1-4042-9b29-a1b1b5f67bb6
0.10330954268390212,1,92f6d589-c1e2-4472-b85a-a3b23ce90066
0.4520537697297917,16,633126c0-635f-4d2f-9e89-03f45d4a9c86
0.9249512811785088,58,5eaceee0-3768-4a6d-bc85-d26c5a22cc50
0.305780010578267,6,881ecd02-2bf2-4d0c-9961-0f0df949f77b
0.3685247055321772,16,39572488-4c24-4b24-aa8f-abd420304836
0.3590934306878464,6,c2ebbf45-3124-4943-baaf-b76b10bca7c2
0.0853290088232236,4,491febb7-60d8-4406-8c56-f252fa9cf7a5
0.2687624003762462,3,ecb5d462-dc6b-4fdc-935a-22b6858db0b3
0.36007841863945134,2,d71d5de3-ebba-450b-af00-3a184a50d6bd
0.34626910680517475,15,eb51d73a-87a7-4371-bafa-5700612ef5a3
0.2605489383527878,6,72a22a4f-f10f-4bcb-8591-e91e1384d6d7
0.181496336325837,3,298bfad4-6b78-4817-b294-e7d4d0c933c1
0.1736977524879315,3,d874b678-b1e3-4ca1-8e2c-6718c6ac3c58
0.10304987750132857,1,9bf98ecf-bc83-4bc4-b2ec-c502cafd5298
0.05509646014892637,0,daef0ad2-1216-41ab-a4dd-714ff9f34db4
1.197187612946497,59,303e57d2-116a-4c87-b9e1-7aef531054b4
1.1842268652046835,59,177799d0-b065-4242-b419-2df38624bff3
0.5146643277252143,17,5872b6bd-24a9-40eb-9b61-ef88066074e4
0.6525930349626982,17,408b7942-8b6a-4b13-8b6a-014d956f8787
0.3696772240383995,17,06c42f33-6e68-4555-8c08-9519ae4f15dc
0.9905624963711575,59,6007ff61-e1de-4a73-a989-5380fc065391
0.32184044954087065,3,27753c87-b4d5-4758-9e91-9de1dc22b563
1.197187612946497,59,6b82308e-49e2-4ad9-bd5b-79d474186b13
0.3618417821657325,16,e1cb71b1-6065-4edc-a0a5-8c6e543c4725
0.10330954268390212,2,92f6d589-c1e2-4472-b85a-a3b23ce90066
0.4520537697297917,17,633126c0-635f-4d2f-9e89-03f45d4a9c86
0.3685247055321772,17,39572488-4c24-4b24-aa8f-abd420304836
0.3590934306878464,7,c2ebbf45-3124-4943-baaf-b76b10bca7c2
0.0853290088232236,5,491febb7-60d8-4406-8c56-f252fa9cf7a5
0.2687624003762462,4,ecb5d462-dc6b-4fdc-935a-22b6858db0b3
0.36007841863945134,3,d71d5de3-ebba-450b-af00-3a184a50d6bd
0.2605489383527878,7,72a22a4f-f10f-4bcb-8591-e91e1384d6d7
0.10304987750132857,2,9bf98ecf-bc83-4bc4-b2ec-c502cafd5298
0.6567379105078333,59,9e115890-985f-45b3-8d15-4897c034d1a1
0.48600907291371526,17,1658217c-f7aa-43e4-9c06-7008c8828611
0.197272841415139,3,d5642f5f-9701-469e-9eb4-33b3d0e321e6
0.9906822112217368,59,9201b5f3-3e6d-45e3-a07a-d1953e0fa204
0.35346496270327726,16,99457a0e-a96f-4db0-b718-cf80b1601e43
0.10247436149270565,2,0fadbab1-46e6-4fc2-971d-a0bb4788df8d
0.35094231140963433,7,f5940383-1992-4422-a5b8-b86cab691427
0.3792376476798043,3,47c80698-658e-4862-beeb-dc1dae8a976a
0.326916351849518,4,914e4eb8-0e94-4c84-8907-058a2f9704cf
0.10305278307397349,2,a6251fca-5553-4332-9f89-b675cedecd46
0.063747274110606,1,9b8efa44-7a40-4bdf-b9d5-914f90a14c72
0.09064966022744908,0,a925e256-26b9-454f-a153-e66cde5acc16
1.197187612946497,60,303e57d2-116a-4c87-b9e1-7aef531054b4
0.5146643277252143,18,5872b6bd-24a9-40eb-9b61-ef88066074e4
0.6525930349626982,18,408b7942-8b6a-4b13-8b6a-014d956f8787
0.9905624963711575,60,6007ff61-e1de-4a73-a989-5380fc065391
1.197187612946497,60,6b82308e-49e2-4ad9-bd5b-79d474186b13
0.10330954268390212,3,92f6d589-c1e2-4472-b85a-a3b23ce90066
0.3590934306878464,8,c2ebbf45-3124-4943-baaf-b76b10bca7c2
0.2687624003762462,5,ecb5d462-dc6b-4fdc-935a-22b6858db0b3
0.36007841863945134,4,d71d5de3-ebba-450b-af00-3a184a50d6bd
0.2605489383527878,8,72a22a4f-f10f-4bcb-8591-e91e1384d6d7
0.48600907291371526,18,1658217c-f7aa-43e4-9c06-7008c8828611
0.197272841415139,4,d5642f5f-9701-469e-9eb4-33b3d0e321e6
0.35346496270327726,17,99457a0e-a96f-4db0-b718-cf80b1601e43
0.35094231140963433,8,f5940383-1992-4422-a5b8-b86cab691427
0.3792376476798043,4,47c80698-658e-4862-beeb-dc1dae8a976a
0.063747274110606,2,9b8efa44-7a40-4bdf-b9d5-914f90a14c72
1.0102480696127771,60,1e07af0b-6a7a-4fba-84f8-44b5a690d3f2
0.5248162529750495,18,6b2e7805-3c6f-4c75-8e18-9de954c8217c
0.19503135070624056,4,a1d0034d-159f-4f17-9d77-538cbcaaf3a4
0.36877376522081656,17,e8a8eed9-3a5a-445e-906f-1eeaafe7eaac
0.10295327102031794,3,ba525e0b-f509-470e-b9e6-bdf878b88354
0.486153168250429,18,60c25362-9b07-4e61-a244-e3cade2073d6
0.27206727923577345,5,dc18eee3-87df-415e-8c06-21fc9dc18b16
0.3180851574699723,4,277865e0-0678-457c-bfcc-a703bebf047a
0.10946025510855184,3,e07efb3a-1883-4be2-acc2-b529c726649d
0.44889088287704537,4,ae880ae4-3207-426c-8647-f8a819c87e24
0.27467101439240926,4,ec429637-4336-4f9e-97de-47126dd2af13
0.10369086722649412,3,ac9a10ee-083d-4c27-92e0-b98cd2380142
0.1096559151114761,1,3b2e5770-06f9-4cbd-b8b6-d88c5af8897e
0.025438682941945994,0,b5ddc059-754e-446a-9e19-cc703e48cba4
1.197187612946497,61,303e57d2-116a-4c87-b9e1-7aef531054b4
0.5146643277252143,19,5872b6bd-24a9-40eb-9b61-ef88066074e4
0.6525930349626982,19,408b7942-8b6a-4b13-8b6a-014d956f8787
1.197187612946497,61,6b82308e-49e2-4ad9-bd5b-79d474186b13
0.3590934306878464,9,c2ebbf45-3124-4943-baaf-b76b10bca7c2
0.2687624003762462,6,ecb5d462-dc6b-4fdc-935a-22b6858db0b3
0.36007841863945134,5,d71d5de3-ebba-450b-af00-3a184a50d6bd
0.197272841415139,5,d5642f5f-9701-469e-9eb4-33b3d0e321e6
0.35346496270327726,18,99457a0e-a96f-4db0-b718-cf80b1601e43
0.3792376476798043,5,47c80698-658e-4862-beeb-dc1dae8a976a
0.063747274110606,3,9b8efa44-7a40-4bdf-b9d5-914f90a14c72
1.0102480696127771,61,1e07af0b-6a7a-4fba-84f8-44b5a690d3f2
0.5248162529750495,19,6b2e7805-3c6f-4c75-8e18-9de954c8217c
0.36877376522081656,18,e8a8eed9-3a5a-445e-906f-1eeaafe7eaac
0.10295327102031794,4,ba525e0b-f509-470e-b9e6-bdf878b88354
0.3180851574699723,5,277865e0-0678-457c-bfcc-a703bebf047a
0.44889088287704537,5,ae880ae4-3207-426c-8647-f8a819c87e24
0.1096559151114761,2,3b2e5770-06f9-4cbd-b8b6-d88c5af8897e
0.025438682941945994,1,b5ddc059-754e-446a-9e19-cc703e48cba4
0.4840024283039301,19,5146c14e-54d1-4823-9ab2-2f6978cf284c
0.8709606514861545,61,ea4c4aa8-2a0a-44fe-bd76-fdd75335c675
1.197187612946497,61,2781d181-16f5-47e1-8464-a5e2449ef5de
0.1049003380893549,4,ae343db4-02fc-4d4c-8c4d-86636e888812
0.36927467464512836,9,70b20824-c7c9-44fe-9b23-d1a65f99e216
0.22954278165031367,5,1de14e2c-9dfc-49d9-9d1d-9ed0e9ac098c
0.31693215610970216,5,2ba6e639-14c5-4f91-ab28-d5777c4262b4
0.48623016508413863,19,9de58e8e-e9e2-4d37-bff8-d18f4c0d51a6
0.2939764055322708,5,2eeed067-402b-48ce-b936-44150086f560
0.3258123611278053,5,470d6595-097c-48a8-9079-65c7217ee5f9
0.16308968343664956,0,4e4b6ed0-ae7f-46d4-b9e5-6ba415400e28
1.197187612946497,62,303e57d2-116a-4c87-b9e1-7aef531054b4
0.5146643277252143,20,5872b6bd-24a9-40eb-9b61-ef88066074e4
0.6525930349626982,20,408b7942-8b6a-4b13-8b6a-014d956f8787
1.197187612946497,62,6b82308e-49e2-4ad9-bd5b-79d474186b13
0.3590934306878464,10,c2ebbf45-3124-4943-baaf-b76b10bca7c2
0.36007841863945134,6,d71d5de3-ebba-450b-af00-3a184a50d6bd
0.3792376476798043,6,47c80698-658e-4862-beeb-dc1dae8a976a
1.0102480696127771,62,1e07af0b-6a7a-4fba-84f8-44b5a690d3f2
0.36877376522081656,19,e8a8eed9-3a5a-445e-906f-1eeaafe7eaac
0.10295327102031794,5,ba525e0b-f509-470e-b9e6-bdf878b88354
0.3180851574699723,6,277865e0-0678-457c-bfcc-a703bebf047a
0.44889088287704537,6,ae880ae4-3207-426c-8647-f8a819c87e24
0.025438682941945994,2,b5ddc059-754e-446a-9e19-cc703e48cba4
1.197187612946497,62,2781d181-16f5-47e1-8464-a5e2449ef5de
0.36927467464512836,10,70b20824-c7c9-44fe-9b23-d1a65f99e216
0.48623016508413863,20,9de58e8e-e9e2-4d37-bff8-d18f4c0d51a6
0.3258123611278053,6,470d6595-097c-48a8-9079-65c7217ee5f9
0.16308968343664956,1,4e4b6ed0-ae7f-46d4-b9e5-6ba415400e28
0.5047112094478826,20,45fe09ec-9ec9-4148-8f0e-4b7fa838c30b
0.9235978331900914,62,c649014c-d523-45d9-9f97-0d5e29be000c
0.25501436091161994,6,0b3804e0-92ea-4422-914b-463a9dd9ba80
0.37716967787554806,19,191cdb02-6080-4103-aa8a-2e79c4a31c3c
0.34359105644000876,6,7c3cb70f-62fa-465e-bdae-071240b6925e
0.06580129715051766,4,eb51cd54-0b4c-4a0a-92f0-33d039a44653
0.10732849739066205,5,21889add-4be0-49e2-a4cb-b2485c6de49b
0.2821400468507171,6,47b7a5ce-b2fe-418d-8fd0-ca9ecd017c2b
0.04924838423833393,3,288ee47e-c631-4f4d-8417-2c33662ed289
0.025000421643978865,2,6e457f87-ca39-4ab5-86f8-7566d1f0fd85
0.16175422334098077,1,ccbe0b9c-3ded-4ee9-a01c-d15e885dc2d9
0.23202270061083347,0,0078a8ac-72cd-4865-96d2-7c4d6c155b49
1.197187612946497,63,303e57d2-116a-4c87-b9e1-7aef531054b4
0.5146643277252143,21,5872b6bd-24a9-40eb-9b61-ef88066074e4
0.6525930349626982,21,408b7942-8b6a-4b13-8b6a-014d956f8787
1.197187612946497,63,6b82308e-49e2-4ad9-bd5b-79d474186b13
0.36007841863945134,7,d71d5de3-ebba-450b-af00-3a184a50d6bd
0.36877376522081656,20,e8a8eed9-3a5a-445e-906f-1eeaafe7eaac
0.10295327102031794,6,ba525e0b-f509-470e-b9e6-bdf878b88354
0.44889088287704537,7,ae880ae4-3207-426c-8647-f8a819c87e24
1.197187612946497,63,2781d181-16f5-47e1-8464-a5e2449ef5de
0.36927467464512836,11,70b20824-c7c9-44fe-9b23-d1a65f99e216
0.3258123611278053,7,470d6595-097c-48a8-9079-65c7217ee5f9
0.16308968343664956,2,4e4b6ed0-ae7f-46d4-b9e5-6ba415400e28
0.5047112094478826,21,45fe09ec-9ec9-4148-8f0e-4b7fa838c30b
0.9235978331900914,63,c649014c-d523-45d9-9f97-0d5e29be000c
0.37716967787554806,20,191cdb02-6080-4103-aa8a-2e79c4a31c3c
0.23202270061083347,1,0078a8ac-72cd-4865-96d2-7c4d6c155b49
0.9347411830228449,63,3c6b4e25-dae5-4ae4-bf3c-74c2c61a29ef
0.3740087873887997,11,26ffc56a-898c-4dc5-bbcd-6ba2b91648e4
0.3819113415595859,7,4254338e-b726-4cc3-b75b-10f47e6b8bb5
0.1049805716073513,6,b1e27e67-71b3-4c03-a13c-f2f767527933
0.3930140751432414,7,e3ef1924-beaa-4874-9e05-c0ce45add783
0.36866583053669155,11,6e4a9661-561a-41ef-ad5d-a0f08d671ff8
0.1631595103473838,2,7aed4a75-0ab1-4598-ae48-b74e6e2da2a5
0.4158609594471127,21,3caf4afc-0d66-4992-9d87-534c5c947548
0.18603099329720568,63,8b336c3c-1a4c-4caa-91f7-40c98d98a876
0.34800972332671476,20,ef5fd6e9-fabb-4f3d-83b9-7aed8309d52a
0.08894532129754294,6,160bdf56-3c32-40c0-a58b-8a6252ab126a
0.16220666387331034,2,c9586fbf-0d66-4db9-840b-782a755e210f
0.25577090631935484,1,a3abd855-c08e-4db4-b298-748cc8bf570f
0.08719468257661728,0,3003fea8-d918-45b5-9472-21f5cf8f1bfa
1.197187612946497,64,303e57d2-116a-4c87-b9e1-7aef531054b4
0.6525930349626982,22,408b7942-8b6a-4b13-8b6a-014d956f8787
1.197187612946497,64,6b82308e-49e2-4ad9-bd5b-79d474186b13
0.36877376522081656,21,e8a8eed9-3a5a-445e-906f-1eeaafe7eaac
0.10295327102031794,7,ba525e0b-f509-470e-b9e6-bdf878b88354
0.44889088287704537,8,ae880ae4-3207-426c-8647-f8a819c87e24
1.197187612946497,64,2781d181-16f5-47e1-8464-a5e2449ef5de
0.3258123611278053,8,470d6595-097c-48a8-9079-65c7217ee5f9
0.5047112094478826,22,45fe09ec-9ec9-4148-8f0e-4b7fa838c30b
0.9347411830228449,64,3c6b4e25-dae5-4ae4-bf3c-74c2c61a29ef
0.3819113415595859,8,4254338e-b726-4cc3-b75b-10f47e6b8bb5
0.36866583053669155,12,6e4a9661-561a-41ef-ad5d-a0f08d671ff8
0.1631595103473838,3,7aed4a75-0ab1-4598-ae48-b74e6e2da2a5
0.16220666387331034,3,c9586fbf-0d66-4db9-840b-782a755e210f
0.25577090631935484,2,a3abd855-c08e-4db4-b298-748cc8bf570f
0.08719468257661728,1,3003fea8-d918-45b5-9472-21f5cf8f1bfa
0.5186146003860557,22,60857f85-8448-480e-84ba-4d30c29aeb3a
0.5271868412723334,22,5d014125-d688-4a21-b199-fcc32448841e
0.4480798961619904,8,0ce5cdcb-0439-462f-9534-a8d959960a8a
0.8889792137095756,12,a185972a-d0d2-4f82-8cdd-bb05cd61f615
0.1627307909506838,3,2d0530c2-6627-4162-aaec-5aa81834ff06
0.7994359681925776,64,300d1010-1802-4278-81c5-3825d6288f26
0.23183614606101752,2,2af2e9e1-ac75-4855-90b1-1a0f6b8cbc8c
0.5529269947424068,12,ab261da7-3170-4c96-b2d8-460bcf673636
0.4835799526818568,8,787f9e11-695a-4119-9bb1-012a64aec26f
0.28658811823109304,12,3f360545-848b-4287-b62e-5a2a69a9b103
0.15487213624372226,3,f9f50597-5d6d-48d6-86f7-9bc4a00e2d84
0.2548589981675308,2,8b10f36a-d62d-4b59-8bad-b056031d5991
0.08500010115926995,1,19b5f830-226c-441d-be93-2b92c8207035
0.02953351331297893,0,6c11c08c-944b-4a4c-af82-39f1bd3fbf86
1.197187612946497,65,303e57d2-116a-4c87-b9e1-7aef531054b4
0.6525930349626982,23,408b7942-8b6a-4b13-8b6a-014d956f8787
1.197187612946497,65,6b82308e-49e2-4ad9-bd5b-79d474186b13
1.197187612946497,65,2781d181-16f5-47e1-8464-a5e2449ef5de
0.9347411830228449,65,3c6b4e25-dae5-4ae4-bf3c-74c2c61a29ef
0.3819113415595859,9,4254338e-b726-4cc3-b75b-10f47e6b8bb5
0.1631595103473838,4,7aed4a75-0ab1-4598-ae48-b74e6e2da2a5
0.16220666387331034,4,c9586fbf-0d66-4db9-840b-782a755e210f
0.25577090631935484,3,a3abd855-c08e-4db4-b298-748cc8bf570f
0.08719468257661728,2,3003fea8-d918-45b5-9472-21f5cf8f1bfa
0.5186146003860557,23,60857f85-8448-480e-84ba-4d30c29aeb3a
0.4480798961619904,9,0ce5cdcb-0439-462f-9534-a8d959960a8a
0.8889792137095756,13,a185972a-d0d2-4f82-8cdd-bb05cd61f615
0.5529269947424068,13,ab261da7-3170-4c96-b2d8-460bcf673636
0.4835799526818568,9,787f9e11-695a-4119-9bb1-012a64aec26f
0.2548589981675308,3,8b10f36a-d62d-4b59-8bad-b056031d5991
0.02953351331297893,1,6c11c08c-944b-4a4c-af82-39f1bd3fbf86
0.38380869038821636,9,6fea8868-c0fb-41ce-9a30-2aaa316258aa
0.7615040376668211,65,e2d5fab6-f214-46f6-b69a-fa771d2e0961
1.0983558438723604,65,2f46b859-fe7a-4ff6-a8ae-81c6c5cb3a10
0.3216941309573053,9,8d9f0d71-6234-4302-8ece-fc122e3f7db6
0.31960210392232824,13,fa05345c-9524-4cec-a8bc-bfc2e6df9048
0.1517839837721991,4,984e4d14-308e-427b-a82c-0949271af465
0.0910472130783782,2,2e32fe74-519c-4ece-bddc-88ba5a878c56
0.22939254752261726,3,aeb61888-5033-4710-8b01-0a5b464dee6e
0.32119585191345384,13,7c3688ed-d986-488e-807e-f2fda6e1d506
0.2539860659849544,3,acaad53d-6330-4ddf-ab10-d75d7d23773b
0.08528936811216066,2,aac609bd-5124-4c0c-aeea-7b2bfeb466db
0.03126738133757211,1,c0a460a3-1c72-44d3-a705-898819719682
0.06857360332994315,0,9694b1ee-0167-467c-9f0c-6ce1813916cb
1.197187612946497,66,303e57d2-116a-4c87-b9e1-7aef531054b4
0.6525930349626982,24,408b7942-8b6a-4b13-8b6a-014d956f8787
1.197187612946497,66,6b82308e-49e2-4ad9-bd5b-79d474186b13
1.197187612946497,66,2781d181-16f5-47e1-8464-a5e2449ef5de
0.9347411830228449,66,3c6b4e25-dae5-4ae4-bf3c-74c2c61a29ef
0.25577090631935484,4,a3abd855-c08e-4db4-b298-748cc8bf570f
0.08719468257661728,3,3003fea8-d918-45b5-9472-21f5cf8f1bfa
0.4480798961619904,10,0ce5cdcb-0439-462f-9534-a8d959960a8a
0.8889792137095756,14,a185972a-d0d2-4f82-8cdd-bb05cd61f615
0.4835799526818568,10,787f9e11-695a-4119-9bb1-012a64aec26f
0.2548589981675308,4,8b10f36a-d62d-4b59-8bad-b056031d5991
0.38380869038821636,10,6fea8868-c0fb-41ce-9a30-2aaa316258aa
1.0983558438723604,66,2f46b859-fe7a-4ff6-a8ae-81c6c5cb3a10
0.0910472130783782,3,2e32fe74-519c-4ece-bddc-88ba5a878c56
0.22939254752261726,4,aeb61888-5033-4710-8b01-0a5b464dee6e
0.08528936811216066,3,aac609bd-5124-4c0c-aeea-7b2bfeb466db
0.06857360332994315,1,9694b1ee-0167-467c-9f0c-6ce1813916cb
0.3391382968695577,10,f1ac3fa0-c7f9-4d27-8d50-bb53489a6830
0.16208420006278837,5,7980ab4a-7cee-4fae-9174-8e2845a53139
0.25843415715788837,4,2af19b57-a058-4715-b0e1-9de8426b45b0
0.5979843676770883,24,7f04c9aa-d62c-4a76-b581-4c377f076695
0.3462740883614307,14,765abfe0-1d76-4482-9596-965d1d1d2a03
0.4835799526818568,10,ed02f7e3-a2ef-44f6-8ffa-db90c59b3c27
0.6618808579754383,66,44bc072f-9b07-4fc5-a95d-51828a1115f6
0.22940236768991665,4,78d4d696-8060-4b68-b31a-8035ba84f7c9
0.32765190912463066,14,e45e0678-f6df-40b4-91ae-fd3c270df16b
0.2540411950838919,4,69cd4356-97eb-4bce-b38d-cde8b8fe459d
0.03127458700336363,2,0bbaa478-67dc-42da-9eb3-d0d2472f089a
0.07087739479047496,1,954c7334-fb33-49d5-9982-126e462970ea
0.10763251787423235,0,8d432733-37bc-40f9-8b28-c11de8e24b9b
1.197187612946497,67,303e57d2-116a-4c87-b9e1-7aef531054b4
0.6525930349626982,25,408b7942-8b6a-4b13-8b6a-014d956f8787
1.197187612946497,67,6b82308e-49e2-4ad9-bd5b-79d474186b13
1.197187612946497,67,2781d181-16f5-47e1-8464-a5e2449ef5de
0.25577090631935484,5,a3abd855-c08e-4db4-b298-748cc8bf570f
0.08719468257661728,4,3003fea8-d918-45b5-9472-21f5cf8f1bfa
0.4480798961619904,11,0ce5cdcb-0439-462f-9534-a8d959960a8a
0.8889792137095756,15,a185972a-d0d2-4f82-8cdd-bb05cd61f615
0.4835799526818568,11,787f9e11-695a-4119-9bb1-012a64aec26f
1.0983558438723604,67,2f46b859-fe7a-4ff6-a8ae-81c6c5cb3a10
0.08528936811216066,4,aac609bd-5124-4c0c-aeea-7b2bfeb466db
0.25843415715788837,5,2af19b57-a058-4715-b0e1-9de8426b45b0
0.5979843676770883,25,7f04c9aa-d62c-4a76-b581-4c377f076695
0.4835799526818568,11,ed02f7e3-a2ef-44f6-8ffa-db90c59b3c27
0.2540411950838919,5,69cd4356-97eb-4bce-b38d-cde8b8fe459d
0.03127458700336363,3,0bbaa478-67dc-42da-9eb3-d0d2472f089a
0.9779394416764291,67,07b75286-ab5b-405d-b6b4-9a59370f708a
0.40903765638397166,11,ef88fd8d-c590-4402-9f02-79483d67661a
0.26255607150591265,5,33cfd0b3-20d4-4713-b493-dd844b1247e5
0.9696816885756334,67,1a28167a-19b8-4083-bccd-6f72d933bd4e
0.11261313904116065,4,05f75c83-f70c-4d2e-b054-20e40582c6b1
0.07135517728753293,2,eff60495-1e5b-4ac9-b7b4-1b3211ad8c8e
0.16476482201939374,6,d3bc10a2-1430-49fe-afec-3b227645c9a2
0.25751738436913385,5,bb4e0a6c-17ed-48d2-82f7-1612b9773452
0.6065437543264741,25,d1dee004-a60c-4245-a06e-eaf76f846bde
0.5321374827067713,11,0e0d6ae6-7b37-4e54-b737-6b38ee2cb804
0.8916151195883176,67,d38e48b1-901c-42eb-b3c0-4ccfdfb8296e
0.02799380670736747,3,ccf32508-e839-4273-817b-d5eece2d8bae
0.12580576038815028,1,730e2202-57f0-46f9-a63a-9b1d7a5f1ecc
0.20728426110918655,0,6ac56c37-8b85-40e2-b4af-5e6d005ce407
1.197187612946497,68,303e57d2-116a-4c87-b9e1-7aef531054b4
0.6525930349626982,26,408b7942-8b6a-4b13-8b6a-014d956f8787
1.197187612946497,68,6b82308e-49e2-4ad9-bd5b-79d474186b13
1.197187612946497,68,2781d181-16f5-47e1-8464-a5e2449ef5de
0.25577090631935484,6,a3abd855-c08e-4db4-b298-748cc8bf570f
0.08719468257661728,5,3003fea8-d918-45b5-9472-21f5cf8f1bfa
0.4480798961619904,12,0ce5cdcb-0439-462f-9534-a8d959960a8a
0.8889792137095756,16,a185972a-d0d2-4f82-8cdd-bb05cd61f615
0.4835799526818568,12,787f9e11-695a-4119-9bb1-012a64aec26f
0.08528936811216066,5,aac609bd-5124-4c0c-aeea-7b2bfeb466db
0.5979843676770883,26,7f04c9aa-d62c-4a76-b581-4c377f076695
0.9779394416764291,68,07b75286-ab5b-405d-b6b4-9a59370f708a
0.40903765638397166,12,ef88fd8d-c590-4402-9f02-79483d67661a
0.26255607150591265,6,33cfd0b3-20d4-4713-b493-dd844b1247e5
0.11261313904116065,5,05f75c83-f70c-4d2e-b054-20e40582c6b1
0.6065437543264741,26,d1dee004-a60c-4245-a06e-eaf76f846bde
0.5321374827067713,12,0e0d6ae6-7b37-4e54-b737-6b38ee2cb804
0.20728426110918655,1,6ac56c37-8b85-40e2-b4af-5e6d005ce407
0.2627007249051785,6,14e6f3a0-6654-4f8e-8886-9d0f94776107
0.5060673695400071,12,4b1ec230-57f2-4803-a295-16df0aebf293
1.0450936226817829,68,2178e48b-fd32-4544-92ab-6504cb7d5f0a
0.25604242691305024,6,571f3f22-fe1f-4ca6-80e0-93118a10e7a3
0.03127458700336363,4,2ad6fd66-ea0b-4914-b524-5353a83e5d5d
0.26268461561657885,6,77283a93-7b19-4571-99c2-fbb67ef01651
0.06830186120204194,3,d66ef671-351a-4929-841d-3538f436805c
0.25688491088429455,6,74db5a96-a82f-4ff9-b77a-adf75bc3a34a
0.8916151195883176,68,49fe4aaf-dfa1-479c-a4e3-e417067df33e
0.05173801351234238,2,86d4583b-e498-4be0-ac1a-e3925075cd5f
0.1764171746263147,1,25a9613d-c3b6-48d4-a97b-9f1221f1a318
0.13004232384241732,0,5ca84c47-9fa4-4b40-9834-57a076356f61
1.197187612946497,69,303e57d2-116a-4c87-b9e1-7aef531054b4
0.6525930349626982,27,408b7942-8b6a-4b13-8b6a-014d956f8787
1.197187612946497,69,6b82308e-49e2-4ad9-bd5b-79d474186b13
1.197187612946497,69,2781d181-16f5-47e1-8464-a5e2449ef5de
0.25577090631935484,7,a3abd855-c08e-4db4-b298-748cc8bf570f
0.08719468257661728,6,3003fea8-d918-45b5-9472-21f5cf8f1bfa
0.8889792137095756,17,a185972a-d0d2-4f82-8cdd-bb05cd61f615
0.08528936811216066,6,aac609bd-5124-4c0c-aeea-7b2bfeb466db
0.9779394416764291,69,07b75286-ab5b-405d-b6b4-9a59370f708a
0.40903765638397166,13,ef88fd8d-c590-4402-9f02-79483d67661a
0.26255607150591265,7,33cfd0b3-20d4-4713-b493-dd844b1247e5
0.6065437543264741,27,d1dee004-a60c-4245-a06e-eaf76f846bde
0.5321374827067713,13,0e0d6ae6-7b37-4e54-b737-6b38ee2cb804
0.20728426110918655,2,6ac56c37-8b85-40e2-b4af-5e6d005ce407
0.2627007249051785,7,14e6f3a0-6654-4f8e-8886-9d0f94776107
0.5060673695400071,13,4b1ec230-57f2-4803-a295-16df0aebf293
1.0450936226817829,69,2178e48b-fd32-4544-92ab-6504cb7d5f0a
0.26268461561657885,7,77283a93-7b19-4571-99c2-fbb67ef01651
0.25688491088429455,7,74db5a96-a82f-4ff9-b77a-adf75bc3a34a
0.05173801351234238,3,86d4583b-e498-4be0-ac1a-e3925075cd5f
0.1764171746263147,2,25a9613d-c3b6-48d4-a97b-9f1221f1a318
0.13004232384241732,1,5ca84c47-9fa4-4b40-9834-57a076356f61
1.0508129015781742,69,a92477be-c7ce-4994-a4d0-fe1a7b5d6fe2
0.7830046424548761,69,7881b35f-320c-4054-8cc6-e9520ee1d163
0.33663896066155236,13,144d3855-db10-45e1-a386-c50e7f0c5624
0.38400581849967863,27,6efd5ffd-7019-476a-b534-75c90f628c44
0.45938267164755064,13,3cf3bf15-4dd5-4344-892e-6d7e69993ded
0.03753007767551264,2,8e761ae6-5459-48d4-bd29-b735709ee3dd
0.25688491088429455,7,ce276f7d-ff57-4695-97c7-0d95dead2a54
0.12249498299894757,0,7e2e3a87-541a-421f-b3d6-9da56ab73e5e
1.197187612946497,70,303e57d2-116a-4c87-b9e1-7aef531054b4
0.6525930349626982,28,408b7942-8b6a-4b13-8b6a-014d956f8787
1.197187612946497,70,6b82308e-49e2-4ad9-bd5b-79d474186b13
1.197187612946497,70,2781d181-16f5-47e1-8464-a5e2449ef5de
0.8889792137095756,18,a185972a-d0d2-4f82-8cdd-bb05cd61f615
0.6065437543264741,28,d1dee004-a60c-4245-a06e-eaf76f846bde
0.5321374827067713,14,0e0d6ae6-7b37-4e54-b737-6b38ee2cb804
0.20728426110918655,3,6ac56c37-8b85-40e2-b4af-5e6d005ce407
0.2627007249051785,8,14e6f3a0-6654-4f8e-8886-9d0f94776107
0.5060673695400071,14,4b1ec230-57f2-4803-a295-16df0aebf293
1.0450936226817829,70,2178e48b-fd32-4544-92ab-6504cb7d5f0a
0.26268461561657885,8,77283a93-7b19-4571-99c2-fbb67ef01651
0.1764171746263147,3,25a9613d-c3b6-48d4-a97b-9f1221f1a318
0.13004232384241732,2,5ca84c47-9fa4-4b40-9834-57a076356f61
0.38400581849967863,28,6efd5ffd-7019-476a-b534-75c90f628c44
0.03753007767551264,3,8e761ae6-5459-48d4-bd29-b735709ee3dd
0.12249498299894757,1,7e2e3a87-541a-421f-b3d6-9da56ab73e5e
0.870856043177185,70,e57b7865-5c0e-4fc1-b78a-1231fc28b58b
0.09932713449912,7,1832cfee-9b0b-4415-b94c-f9d4fb3f970f
0.3040168630643146,18,fbe6b059-ac36-4e64-8831-8da48901ac1c
0.07864224999250297,7,c7216aef-0cdc-4d81-a113-ffcacf255dc7
0.2639720267991641,8,90a79484-656e-44c5-83e1-733c3e09e0b7
0.6065687179476438,28,cfb93a73-a2d0-4783-a262-61c7f00185b0
0.20734621450842486,3,098075cc-8658-47d9-98d2-8829db30c55e
0.26274427922567495,8,fcbd715a-8b77-4803-9c36-6234f6d2f6db
0.47606318350192606,14,0df1745f-c139-4bdd-b0a1-549f4f1b46e1
1.2605691179836656,70,96f8be9f-db92-4784-979b-303285f44540
0.18245696494566316,3,fb815fc3-3790-48b6-bfe7-c4b24165b9a6
0.12216666276138122,1,bc3c0e0f-36b8-4a20-bc60-e0a8ce0e18c8
0.12788440061271475,0,9c39be26-16f2-402f-9bc2-7d3ed3643465
1.197187612946497,71,303e57d2-116a-4c87-b9e1-7aef531054b4
0.6525930349626982,29,408b7942-8b6a-4b13-8b6a-014d956f8787
1.197187612946497,71,6b82308e-49e2-4ad9-bd5b-79d474186b13
1.197187612946497,71,2781d181-16f5-47e1-8464-a5e2449ef5de
0.8889792137095756,19,a185972a-d0d2-4f82-8cdd-bb05cd61f615
0.6065437543264741,29,d1dee004-a60c-4245-a06e-eaf76f846bde
0.20728426110918655,4,6ac56c37-8b85-40e2-b4af-5e6d005ce407
0.2627007249051785,9,14e6f3a0-6654-4f8e-8886-9d0f94776107
0.5060673695400071,15,4b1ec230-57f2-4803-a295-16df0aebf293
0.13004232384241732,3,5ca84c47-9fa4-4b40-9834-57a076356f61
0.12249498299894757,2,7e2e3a87-541a-421f-b3d6-9da56ab73e5e
0.870856043177185,71,e57b7865-5c0e-4fc1-b78a-1231fc28b58b
0.3040168630643146,19,fbe6b059-ac36-4e64-8831-8da48901ac1c
0.6065687179476438,29,cfb93a73-a2d0-4783-a262-61c7f00185b0
0.20734621450842486,4,098075cc-8658-47d9-98d2-8829db30c55e
1.2605691179836656,71,96f8be9f-db92-4784-979b-303285f44540
0.18245696494566316,4,fb815fc3-3790-48b6-bfe7-c4b24165b9a6
0.12788440061271475,1,9c39be26-16f2-402f-9bc2-7d3ed3643465
0.2585492335654715,9,c8a14ee2-fd4f-4f60-bf09-35265dea9ad7
0.18742508565372032,4,42168aae-11c7-4694-85a6-ded027e8e1b9
0.12370046735775828,2,d32f4512-88cb-4481-bc7d-8b317cb65585
0.9217558115787152,71,770ba6f0-9f20-4591-abf3-19d4ebcee820
0.34007733934612433,19,e4415130-0606-4606-892f-0cc1e768670e
0.20657214207467625,4,beb6a3a7-180b-4761-b397-886224f7c98b
0.26839747893424154,9,56bad7ad-f9bc-41da-8cf8-a9680045cfe6
0.5354819005734944,15,5ef2c4c5-8ce2-4def-b453-28e035a503aa
0.21092685211346857,4,caf1f53b-3654-469a-84cf-5d593016584b
0.11847758588841466,2,72cd4de5-611a-4cf8-affe-94f481275d9e
0.051333076876930735,1,e359411f-ec89-4054-a6a4-481c13eb148b
0.0880987787324905,0,b17e0924-38dc-4fa4-b750-84319eb5bad7
0.6525930349626982,30,408b7942-8b6a-4b13-8b6a-014d956f8787
1.197187612946497,72,6b82308e-49e2-4ad9-bd5b-79d474186b13
1.197187612946497,72,2781d181-16f5-47e1-8464-a5e2449ef5de
0.8889792137095756,20,a185972a-d0d2-4f82-8cdd-bb05cd61f615
0.2627007249051785,10,14e6f3a0-6654-4f8e-8886-9d0f94776107
0.870856043177185,72,e57b7865-5c0e-4fc1-b78a-1231fc28b58b
0.6065687179476438,30,cfb93a73-a2d0-4783-a262-61c7f00185b0
0.20734621450842486,5,098075cc-8658-47d9-98d2-8829db30c55e
1.2605691179836656,72,96f8be9f-db92-4784-979b-303285f44540
0.12788440061271475,2,9c39be26-16f2-402f-9bc2-7d3ed3643465
0.18742508565372032,5,42168aae-11c7-4694-85a6-ded027e8e1b9
0.12370046735775828,3,d32f4512-88cb-4481-bc7d-8b317cb65585
0.34007733934612433,20,e4415130-0606-4606-892f-0cc1e768670e
0.20657214207467625,5,beb6a3a7-180b-4761-b397-886224f7c98b
0.5354819005734944,16,5ef2c4c5-8ce2-4def-b453-28e035a503aa
0.11847758588841466,3,72cd4de5-611a-4cf8-affe-94f481275d9e
0.0880987787324905,1,b17e0924-38dc-4fa4-b750-84319eb5bad7
0.3289158866409858,30,de424c1b-d265-4ac6-8fe1-9d8c42f79f44
1.072728230179998,72,e61cfa76-52b8-441b-848c-b1ecf9e9f202
1.052898813562993,72,9bbba274-031c-4faa-8d6f-7ccd59ca4932
0.32489053696344794,20,323cbd23-6e4c-455d-b639-70a9b9acbd97
0.258447837942152,10,6d2bb3fc-35a1-4e30-9603-186b6774a6fc
0.11728212907742018,3,7b0f994c-c2ae-4f35-b27b-bed7f8ea344c
0.25416251735719503,10,bc6f8ed0-4a85-492d-bc7d-d7b1972b5b46
0.2127713025763024,5,578fb998-cbd8-4612-9a58-3403b9d64141
0.25377015813409703,10,af501657-0dc4-4f83-8e26-e541dcdc2d2e
0.5643153432714784,16,8a247914-6f74-4895-86c2-4caa78e5b92e
0.12715150512028905,3,b709f473-993b-462f-b47d-e4e7aae67a69
0.07810700957367245,1,063349b8-7482-4f64-a308-3d0da0782bb1
0.28411989171048785,0,0f02e455-8bd6-4c31-9c93-e83592778277
0.6525930349626982,31,408b7942-8b6a-4b13-8b6a-014d956f8787
1.197187612946497,73,2781d181-16f5-47e1-8464-a5e2449ef5de
0.8889792137095756,21,a185972a-d0d2-4f82-8cdd-bb05cd61f615
0.2627007249051785,11,14e6f3a0-6654-4f8e-8886-9d0f94776107
0.6065687179476438,31,cfb93a73-a2d0-4783-a262-61c7f00185b0
1.2605691179836656,73,96f8be9f-db92-4784-979b-303285f44540
0.12788440061271475,3,9c39be26-16f2-402f-9bc2-7d3ed3643465
0.12370046735775828,4,d32f4512-88cb-4481-bc7d-8b317cb65585
0.5354819005734944,17,5ef2c4c5-8ce2-4def-b453-28e035a503aa
1.072728230179998,73,e61cfa76-52b8-441b-848c-b1ecf9e9f202
0.2127713025763024,6,578fb998-cbd8-4612-9a58-3403b9d64141
0.5643153432714784,17,8a247914-6f74-4895-86c2-4caa78e5b92e
0.12715150512028905,4,b709f473-993b-462f-b47d-e4e7aae67a69
0.07810700957367245,2,063349b8-7482-4f64-a308-3d0da0782bb1
0.28411989171048785,1,0f02e455-8bd6-4c31-9c93-e83592778277
1.0955966734201485,73,57e28aa1-d26d-45d0-b4ed-3cc3f5b3a6eb
0.2696537961830346,11,39a1b143-604e-45f3-a467-9e4d73a592a7
0.3570525335890679,31,c591dcf2-0a81-4ff9-a992-58eb1df5db3a
1.2761672997073692,73,230f47cf-6d66-4601-b2b8-4fba7c2f68f8
0.0858010451151204,3,66347662-8ece-4cf1-8de4-cdbf052826eb
0.2941200807222406,21,a6b6f612-3c3f-46a9-afd6-4f744c6d2ebf
0.20662796001059264,6,6f01e876-8a62-43e3-848e-093f2ab8a45e
0.25989143142013554,17,3ba05bf8-d974-44e8-9bc0-b263969df3ca
0.11847675787992125,4,008035ef-f74d-498b-8366-1a4f2ca283e0
0.11043208527478457,2,bb2b793c-4563-4499-a0c6-e46f9e68ffdb
1.2848672398117962,73,1589f6de-d2a4-4979-9114-1bf30b10e8fa
0.2549942501429871,11,7a402c03-348d-4f9f-bc73-256c7803369f
0.07810700957367245,2,7dce76ec-f1bd-46aa-9e00-4586265add07
0.28153581644607717,1,233b1446-5729-45fd-8f6b-8402482e1359
0.18694234479576288,0,37cae731-5cc2-4c09-b4b2-d9ce19ffe11f
1.197187612946497,74,2781d181-16f5-47e1-8464-a5e2449ef5de
0.8889792137095756,22,a185972a-d0d2-4f82-8cdd-bb05cd61f615
0.6065687179476438,32,cfb93a73-a2d0-4783-a262-61c7f00185b0
1.2605691179836656,74,96f8be9f-db92-4784-979b-303285f44540
0.12788440061271475,4,9c39be26-16f2-402f-9bc2-7d3ed3643465
0.5354819005734944,18,5ef2c4c5-8ce2-4def-b453-28e035a503aa
0.2127713025763024,7,578fb998-cbd8-4612-9a58-3403b9d64141
0.5643153432714784,18,8a247914-6f74-4895-86c2-4caa78e5b92e
0.12715150512028905,5,b709f473-993b-462f-b47d-e4e7aae67a69
0.28411989171048785,2,0f02e455-8bd6-4c31-9c93-e83592778277
0.3570525335890679,32,c591dcf2-0a81-4ff9-a992-58eb1df5db3a
1.2761672997073692,74,230f47cf-6d66-4601-b2b8-4fba7c2f68f8
0.11847675787992125,5,008035ef-f74d-498b-8366-1a4f2ca283e0
0.11043208527478457,3,bb2b793c-4563-4499-a0c6-e46f9e68ffdb
1.2848672398117962,74,1589f6de-d2a4-4979-9114-1bf30b10e8fa
0.18694234479576288,1,37cae731-5cc2-4c09-b4b2-d9ce19ffe11f
0.4175798443729193,32,6b1b9672-30b0-438e-911c-1315d3123d9f
1.1036453103494361,74,b65c68a7-cd53-4fa5-9bb9-7303130c6247
0.27696083441808284,22,034b62fc-0e45-48d2-ae36-42d189804840
0.6126065590759918,18,024ea848-3430-4174-a48c-c94fdee29733
0.21234863163245407,7,e84b3209-33f4-47e4-8097-e101bcb83cc7
0.5217890715078355,18,cade5735-f0ff-4387-b80f-d1eb106e8935
0.29877081805390104,2,764e8637-0fe8-4c92-84aa-db5379d580ee
0.27735149274891263,22,e25174ee-8431-4b43-abf3-8fe9056479c2
0.20662725359806144,7,1f2192cc-54ff-4c91-905d-1b75c59772b0
0.4821407583010165,18,62594a19-de0d-4eee-9e56-38579be4004f
0.9066984669157059,74,bacb756b-aa1a-41e6-bf18-31af4cd6ea9f
0.2725195476498847,2,54f5b50a-c081-420e-9df2-d999264a4149
0.19030156965220796,1,4dca9d24-f269-42bc-99e7-b092bace80d8
0.11965450595949936,0,bf2c60e2-56b0-483f-80e1-6c1cc841708b
1.197187612946497,75,2781d181-16f5-47e1-8464-a5e2449ef5de
0.8889792137095756,23,a185972a-d0d2-4f82-8cdd-bb05cd61f615
1.2605691179836656,75,96f8be9f-db92-4784-979b-303285f44540
0.5354819005734944,19,5ef2c4c5-8ce2-4def-b453-28e035a503aa
0.2127713025763024,8,578fb998-cbd8-4612-9a58-3403b9d64141
0.28411989171048785,3,0f02e455-8bd6-4c31-9c93-e83592778277
1.2761672997073692,75,230f47cf-6d66-4601-b2b8-4fba7c2f68f8
1.2848672398117962,75,1589f6de-d2a4-4979-9114-1bf30b10e8fa
0.18694234479576288,2,37cae731-5cc2-4c09-b4b2-d9ce19ffe11f
1.1036453103494361,75,b65c68a7-cd53-4fa5-9bb9-7303130c6247
0.6126065590759918,19,024ea848-3430-4174-a48c-c94fdee29733
0.5217890715078355,19,cade5735-f0ff-4387-b80f-d1eb106e8935
0.29877081805390104,3,764e8637-0fe8-4c92-84aa-db5379d580ee
0.19030156965220796,2,4dca9d24-f269-42bc-99e7-b092bace80d8
0.11965450595949936,1,bf2c60e2-56b0-483f-80e1-6c1cc841708b
0.10877826077452471,5,8e579aea-96e5-4de0-b91b-22b126a70773
0.20672999462339345,8,dc5a9df7-75ae-44c0-bb9d-6c4520643ff2
0.5193649806659086,19,3b4f2b90-6c42-4433-8aab-9033266ad2c6
0.40230322453157263,33,32f956a4-75f9-4939-b056-758fab2b8a45
0.12693845711911844,6,6aec038d-b4e8-4fd5-aecd-49113b229b2c
1.0997765519004181,75,a8867508-e7c1-4fcb-b561-f3ce79f3735d
0.6661236935428827,19,b24410b2-1d50-490f-860d-bf69b65e740e
0.21238147052870945,8,1110a5ab-8482-460d-b9cb-2c3b18dcbd5d
0.46249463719937434,19,8cb47819-d5c8-4e4b-b415-6e5cede9d63d
0.2912898806839987,3,fc01a073-1782-4874-9e50-ff910b092871
0.5984381075926701,19,e19b24ea-c4f4-445c-aec2-b4d18533b53c
0.29896618458544305,3,5af76262-f2c4-4b73-89fc-51cee32cd09e
0.18963956278251978,2,969a8773-2c5d-454f-860c-48471bd819e1
0.1189588289498326,1,20a16fb4-9f70-4bcc-ab82-3b9347291669
0.07701950513664566,0,b49fe4a9-99a2-4762-befa-04de17cecef2
1.197187612946497,76,2781d181-16f5-47e1-8464-a5e2449ef5de
0.8889792137095756,24,a185972a-d0d2-4f82-8cdd-bb05cd61f615
1.2605691179836656,76,96f8be9f-db92-4784-979b-303285f44540
1.2761672997073692,76,230f47cf-6d66-4601-b2b8-4fba7c2f68f8
1.2848672398117962,76,1589f6de-d2a4-4979-9114-1bf30b10e8fa
0.18694234479576288,3,37cae731-5cc2-4c09-b4b2-d9ce19ffe11f
0.29877081805390104,4,764e8637-0fe8-4c92-84aa-db5379d580ee
0.19030156965220796,3,4dca9d24-f269-42bc-99e7-b092bace80d8
0.20672999462339345,9,dc5a9df7-75ae-44c0-bb9d-6c4520643ff2
0.5193649806659086,20,3b4f2b90-6c42-4433-8aab-9033266ad2c6
1.0997765519004181,76,a8867508-e7c1-4fcb-b561-f3ce79f3735d
0.6661236935428827,20,b24410b2-1d50-490f-860d-bf69b65e740e
0.29896618458544305,4,5af76262-f2c4-4b73-89fc-51cee32cd09e
0.18963956278251978,3,969a8773-2c5d-454f-860c-48471bd819e1
0.07701950513664566,1,b49fe4a9-99a2-4762-befa-04de17cecef2
0.931298837210159,76,9162002e-9d27-4322-a9c2-20a0fdb47cee
0.680449540778472,20,a93a0ed8-b3a8-4b78-a50e-97381a5c852c
0.2863391021493058,4,eb65b698-85a3-4b20-b3e9-0e3c8fc0794e
1.1776979952947382,76,a99aa9e6-c601-4b96-af98-650a481af315
0.18843326545891873,3,ad2faae2-e08f-4b33-a9bc-221d8426e375
0.3075757356688343,20,c787c51a-160e-455d-b502-984c60122547
0.2769014210140152,4,af8a3c7f-2a03-4e10-b3ce-029a4663d08f
0.18626303871854713,3,517a7e4f-0656-4c28-ac3b-205afef4daf6
0.12698048095159306,2,a4aa9144-5a40-40b7-8d57-f713792cf5c3
0.8008121056058263,76,a9b7e2b0-bbd2-4138-8e63-1ebe03e79ab9
0.5081827495955623,20,65b63804-0173-4013-914a-3cd3329cbd84
0.15364390477546452,3,31619695-b097-4608-96f5-6b433bb168c8
0.13014600815517371,2,15c5c465-94af-4bd3-ad20-1f231bd347a6
0.07702044784690332,1,b8aef7b2-e081-40fc-b33e-a71c5b8304b9
0.14990489613490215,0,056f2a5f-0b64-4327-a22d-d962d16f672b
0.8889792137095756,25,a185972a-d0d2-4f82-8cdd-bb05cd61f615
1.2605691179836656,77,96f8be9f-db92-4784-979b-303285f44540
1.2761672997073692,77,230f47cf-6d66-4601-b2b8-4fba7c2f68f8
1.2848672398117962,77,1589f6de-d2a4-4979-9114-1bf30b10e8fa
0.29877081805390104,5,764e8637-0fe8-4c92-84aa-db5379d580ee
0.19030156965220796,4,4dca9d24-f269-42bc-99e7-b092bace80d8
0.6661236935428827,21,b24410b2-1d50-490f-860d-bf69b65e740e
0.29896618458544305,5,5af76262-f2c4-4b73-89fc-51cee32cd09e
0.680449540778472,21,a93a0ed8-b3a8-4b78-a50e-97381a5c852c
0.18843326545891873,4,ad2faae2-e08f-4b33-a9bc-221d8426e375
0.3075757356688343,21,c787c51a-160e-455d-b502-984c60122547
0.18626303871854713,4,517a7e4f-0656-4c28-ac3b-205afef4daf6
0.12698048095159306,3,a4aa9144-5a40-40b7-8d57-f713792cf5c3
0.13014600815517371,3,15c5c465-94af-4bd3-ad20-1f231bd347a6
0.07702044784690332,2,b8aef7b2-e081-40fc-b33e-a71c5b8304b9
0.14990489613490215,1,056f2a5f-0b64-4327-a22d-d962d16f672b
0.32718364396007255,25,07483c62-7e18-47d7-878c-4df2c7d8d4b5
1.244395995856907,77,d5ce3dae-81e5-4aba-a265-8a020810f35d
0.3027509372052716,5,1c3bdefc-5e41-43f0-b89f-6e3cd7dfcb0f
0.20624767233460498,4,c13b3ba2-4f35-4353-90e9-6d057f1779b5
0.703181688273132,21,1f3d2635-ed92-4829-a6be-4ad8ab1d698a
0.16443424900099946,4,d7ee9883-1092-4e8c-bb6f-df14c76d5bea
1.1645256995137434,77,f8a76490-d74a-44b3-b62a-7a56b14f7565
0.42673633143471384,21,b8a52aa0-8ef9-4c31-98d4-18e93b4ac04d
0.27748930691560125,5,ad56e6a2-9673-408e-9b17-2690cbe4b876
0.18842037774568127,4,9408ba8f-02ba-4e11-834a-892121dbbf80
0.1897473398541641,4,8b657061-bf7e-46aa-9d35-9bd8e7f1a087
0.09496642761898318,2,8250f576-a979-4b1c-baa0-f9367a1373c0
0.14990473538725813,1,3be8dde8-e9b3-499e-b160-c54372acc2da
0.10427402201475167,0,a77df4d8-fa17-4c36-b1cd-dd9e68cba10b
0.8889792137095756,26,a185972a-d0d2-4f82-8cdd-bb05cd61f615
1.2605691179836656,78,96f8be9f-db92-4784-979b-303285f44540
1.2761672997073692,78,230f47cf-6d66-4601-b2b8-4fba7c2f68f8
1.2848672398117962,78,1589f6de-d2a4-4979-9114-1bf30b10e8fa
0.29877081805390104,6,764e8637-0fe8-4c92-84aa-db5379d580ee
0.19030156965220796,5,4dca9d24-f269-42bc-99e7-b092bace80d8
0.680449540778472,22,a93a0ed8-b3a8-4b78-a50e-97381a5c852c
0.14990489613490215,2,056f2a5f-0b64-4327-a22d-d962d16f672b
1.244395995856907,78,d5ce3dae-81e5-4aba-a265-8a020810f35d
0.3027509372052716,6,1c3bdefc-5e41-43f0-b89f-6e3cd7dfcb0f
0.703181688273132,22,1f3d2635-ed92-4829-a6be-4ad8ab1d698a
0.42673633143471384,22,b8a52aa0-8ef9-4c31-98d4-18e93b4ac04d
0.27748930691560125,6,ad56e6a2-9673-408e-9b17-2690cbe4b876
0.1897473398541641,5,8b657061-bf7e-46aa-9d35-9bd8e7f1a087
0.14990473538725813,2,3be8dde8-e9b3-499e-b160-c54372acc2da
0.10427402201475167,1,a77df4d8-fa17-4c36-b1cd-dd9e68cba10b
0.8913506155631975,26,f797726f-0c9b-422b-b170-e3074799fb37
1.2761672997073692,78,85037e0c-d6f6-4156-91f4-9d84cc580c8d
0.28679657473837544,6,188ff067-b146-4dbb-bbcd-dfc984fce408
0.29059087117538285,6,8461124a-cc21-4bd2-aef8-37670d8c629c
0.21799084409029668,4,70d63dfc-9043-43a6-a97c-fe836fcbf087
0.14984677239340377,2,7e691701-860f-4a55-867a-24efac5595bf
0.3860262034200591,26,9f8d1ee4-8374-40f1-903f-da1ae576b18b
0.20877075073570261,5,5538267b-4a8f-4b2e-9216-2f4f96258f87
0.5119580412498981,22,2a6a90f2-d775-4622-b392-3a83b9a6787a
0.2875139204506626,6,4faec999-4a54-40a4-be8a-d4bcb62e0ad2
0.09148292394516651,3,129aa53b-74f1-4747-b858-92d43135e504
0.1527566936935625,2,8459603d-1ead-4295-aa47-1158ae057518
0.09981832806907731,1,d3cd4cb6-56b4-4740-b00c-297977d3edcd
0.241899821001806,0,734f4b7d-1480-43d4-99dd-391ca38d0262
1.2605691179836656,79,96f8be9f-db92-4784-979b-303285f44540
1.2848672398117962,79,1589f6de-d2a4-4979-9114-1bf30b10e8fa
0.680449540778472,23,a93a0ed8-b3a8-4b78-a50e-97381a5c852c
1.244395995856907,79,d5ce3dae-81e5-4aba-a265-8a020810f35d
0.3027509372052716,7,1c3bdefc-5e41-43f0-b89f-6e3cd7dfcb0f
0.703181688273132,23,1f3d2635-ed92-4829-a6be-4ad8ab1d698a
0.8913506155631975,27,f797726f-0c9b-422b-b170-e3074799fb37
1.2761672997073692,79,85037e0c-d6f6-4156-91f4-9d84cc580c8d
0.28679657473837544,7,188ff067-b146-4dbb-bbcd-dfc984fce408
0.29059087117538285,7,8461124a-cc21-4bd2-aef8-37670d8c629c
0.20877075073570261,6,5538267b-4a8f-4b2e-9216-2f4f96258f87
0.5119580412498981,23,2a6a90f2-d775-4622-b392-3a83b9a6787a
0.2875139204506626,7,4faec999-4a54-40a4-be8a-d4bcb62e0ad2
0.09148292394516651,4,129aa53b-74f1-4747-b858-92d43135e504
0.1527566936935625,3,8459603d-1ead-4295-aa47-1158ae057518
0.09981832806907731,2,d3cd4cb6-56b4-4740-b00c-297977d3edcd
0.241899821001806,1,734f4b7d-1480-43d4-99dd-391ca38d0262
0.7975426400845558,79,1cebd1e0-f9c2-4ad9-9e98-494e10fde551
0.27291317588269876,7,9f0834c6-f6c7-4bc6-8e93-4bacfe19bfe7
0.5443206213413543,23,5a339597-08ef-4f9a-8682-ea8b1b9bfbcd
0.1499100400063969,3,ad3873ac-8fe2-4521-9a44-d4ed33fb4545
1.244395995856907,79,4f82ca39-99b0-471b-8f2e-c863b2922209
0.4213180487627509,23,8a415a84-b3f6-48aa-aa0d-258c45c59641
0.5988334520200144,23,98382515-bff9-4584-9366-049e72dc7325
0.17302240945279032,6,ac27eb8d-d43d-47b3-b9ac-d8bf9750453c
0.24111528990563347,5,993bcdca-3388-4bd0-af4b-83250a59d5af
0.14985968472952046,3,4a58c578-894a-4e54-8ade-6760dd7cb8cf
0.2966671211226959,7,678a427b-d182-44bc-bd25-7559c19ee426
0.24143082007795258,1,1e853ab4-c0bb-401f-bd4f-6255dea8cc16
0.3920276449620408,0,59c2958e-e03f-4609-a8ca-8a003475ee00
1.2848672398117962,80,1589f6de-d2a4-4979-9114-1bf30b10e8fa
0.680449540778472,24,a93a0ed8-b3a8-4b78-a50e-97381a5c852c
0.3027509372052716,8,1c3bdefc-5e41-43f0-b89f-6e3cd7dfcb0f
0.703181688273132,24,1f3d2635-ed92-4829-a6be-4ad8ab1d698a
0.8913506155631975,28,f797726f-0c9b-422b-b170-e3074799fb37
1.2761672997073692,80,85037e0c-d6f6-4156-91f4-9d84cc580c8d
0.5119580412498981,24,2a6a90f2-d775-4622-b392-3a83b9a6787a
0.2875139204506626,8,4faec999-4a54-40a4-be8a-d4bcb62e0ad2
0.1527566936935625,4,8459603d-1ead-4295-aa47-1158ae057518
0.09981832806907731,3,d3cd4cb6-56b4-4740-b00c-297977d3edcd
0.5443206213413543,24,5a339597-08ef-4f9a-8682-ea8b1b9bfbcd
0.1499100400063969,4,ad3873ac-8fe2-4521-9a44-d4ed33fb4545
1.244395995856907,80,4f82ca39-99b0-471b-8f2e-c863b2922209
0.5988334520200144,24,98382515-bff9-4584-9366-049e72dc7325
0.17302240945279032,7,ac27eb8d-d43d-47b3-b9ac-d8bf9750453c
0.24111528990563347,6,993bcdca-3388-4bd0-af4b-83250a59d5af
0.3920276449620408,1,59c2958e-e03f-4609-a8ca-8a003475ee00
1.244395995856907,80,4c52b02c-6ee1-4f3a-bb75-2e2dc379fe93
0.4724419140789329,24,8cf98cfe-1e37-4613-8f77-e5c2492bbc11
0.8808213461833063,28,4967fe95-97e3-4652-b7e2-db4b17b3ddd4
1.2761672997073692,80,a843a2f1-3a63-4370-8b1c-d58e09f0c218
0.30671789612078004,8,0e3e6817-536b-4f3c-81e5-ea3f70bce3e5
0.28901005833646437,8,b9d98357-81ed-4014-bc33-c863a9ccff65
0.5092066603675837,24,1adfb688-5046-4b88-905e-a831070d928e
0.15002904542674794,4,1b90d62d-278e-4f3b-8eb3-a6d3426cc031
0.5347302082890069,24,025bf666-0760-4bad-8d60-86ee11be355c
0.15540164761999273,4,0f66b72d-52a4-4e46-bb84-47afd26eb5d6
0.2419433988475574,2,d2573c26-6ce1-4249-ba5d-8d6e25b68d36
0.35816832522348085,1,0f66991f-5a86-4207-aea0-cdc509edb06b
0.08656845191961293,0,65e70b5e-d56b-4621-a55c-6135f0b56d75
1.2848672398117962,81,1589f6de-d2a4-4979-9114-1bf30b10e8fa
0.3027509372052716,9,1c3bdefc-5e41-43f0-b89f-6e3cd7dfcb0f
0.703181688273132,25,1f3d2635-ed92-4829-a6be-4ad8ab1d698a
0.8913506155631975,29,f797726f-0c9b-422b-b170-e3074799fb37
1.2761672997073692,81,85037e0c-d6f6-4156-91f4-9d84cc580c8d
0.2875139204506626,9,4faec999-4a54-40a4-be8a-d4bcb62e0ad2
0.1527566936935625,5,8459603d-1ead-4295-aa47-1158ae057518
0.09981832806907731,4,d3cd4cb6-56b4-4740-b00c-297977d3edcd
0.5443206213413543,25,5a339597-08ef-4f9a-8682-ea8b1b9bfbcd
1.244395995856907,81,4f82ca39-99b0-471b-8f2e-c863b2922209
0.24111528990563347,7,993bcdca-3388-4bd0-af4b-83250a59d5af
0.3920276449620408,2,59c2958e-e03f-4609-a8ca-8a003475ee00
0.5092066603675837,25,1adfb688-5046-4b88-905e-a831070d928e
0.15002904542674794,5,1b90d62d-278e-4f3b-8eb3-a6d3426cc031
0.5347302082890069,25,025bf666-0760-4bad-8d60-86ee11be355c
0.2419433988475574,3,d2573c26-6ce1-4249-ba5d-8d6e25b68d36
0.35816832522348085,2,0f66991f-5a86-4207-aea0-cdc509edb06b
0.5911051902367729,25,81dc49a2-99a4-48cd-94eb-6c4d429e6815
0.6551787065006746,25,a0910db4-eec2-47c8-a1f6-1751b4afbe40
1.0507519717015625,81,eb4b2ba6-9d65-41ca-b941-477dd7d6b63a
0.3513979963184224,25,af798bfa-b655-4e43-ae5f-a2d3394484f3
0.17512713432301955,8,a4f8f4b6-4539-46d5-bc48-acd6abee16a5
0.07064310253716037,2,2cde61c1-10c8-4231-970b-3f639a832a26
0.47589658522754996,25,6f6f8fa1-a328-4011-b264-5f0a8030955d
0.3232502377275075,9,04e50198-c6e4-47f6-b5c9-78eaadac6d4d
0.34206500698624187,9,8a5aa400-0ab8-48fc-8ca9-7f82403f0307
0.5872488412696095,25,b5f12f48-ce34-47ab-9416-37e8dc4effa3
0.24191444410558022,3,eba38346-fe3a-431f-b290-f2e440b6b1bc
0.06436954360568953,1,4d5cf968-3566-445c-b6fe-c1d53eb000eb
0.08715608466654821,0,562e448a-8be7-4fa7-90a8-1090b0b95f5f
1.2848672398117962,82,1589f6de-d2a4-4979-9114-1bf30b10e8fa
0.3027509372052716,10,1c3bdefc-5e41-43f0-b89f-6e3cd7dfcb0f
0.703181688273132,26,1f3d2635-ed92-4829-a6be-4ad8ab1d698a
0.8913506155631975,30,f797726f-0c9b-422b-b170-e3074799fb37
1.2761672997073692,82,85037e0c-d6f6-4156-91f4-9d84cc580c8d
1.244395995856907,82,4f82ca39-99b0-471b-8f2e-c863b2922209
0.24111528990563347,8,993bcdca-3388-4bd0-af4b-83250a59d5af
0.3920276449620408,3,59c2958e-e03f-4609-a8ca-8a003475ee00
0.5347302082890069,26,025bf666-0760-4bad-8d60-86ee11be355c
0.2419433988475574,4,d2573c26-6ce1-4249-ba5d-8d6e25b68d36
0.6551787065006746,26,a0910db4-eec2-47c8-a1f6-1751b4afbe40
1.0507519717015625,82,eb4b2ba6-9d65-41ca-b941-477dd7d6b63a
0.17512713432301955,9,a4f8f4b6-4539-46d5-bc48-acd6abee16a5
0.5872488412696095,26,b5f12f48-ce34-47ab-9416-37e8dc4effa3
0.24191444410558022,4,eba38346-fe3a-431f-b290-f2e440b6b1bc
0.06436954360568953,2,4d5cf968-3566-445c-b6fe-c1d53eb000eb
0.08715608466654821,1,562e448a-8be7-4fa7-90a8-1090b0b95f5f
0.3145837126083448,10,e444ff73-7a73-4a8d-9755-8bf4501ce847
0.44994882127311464,26,912f80b2-6be7-49ae-a22d-3cb5ba32c3fc
0.1549472518869313,6,be73067f-5663-4f83-81ad-f3f7507d7b7f
0.09544996545072601,5,ff5d9fdb-292f-47b2-a35f-116a75f3409a
0.6142943722270631,26,92069ea0-c39e-4945-990c-ec5798aa56ca
0.2576755345540139,8,0c1c26dc-9927-455d-a1af-12b0af92f948
0.38853507144677396,3,00068c29-789c-4257-b11e-f591cb00747f
0.15110749815005303,6,1bec066e-48b8-437e-9a66-af350ce192c6
0.6269913906260547,26,99b9d9ae-984f-418c-be55-50b3e62ad548
0.561095375692778,3,d96e487f-b921-44a3-8654-830ae85098d5
0.9766117804740296,82,d440a3cd-d962-4318-bfbc-ba343f25b476
0.11393681581481203,1,b276e1a2-3c2c-4c1d-a5fc-b0a6b180e799
0.24047618421234312,0,cc4615ba-8231-4f47-a950-787f3b2cadc3
1.2848672398117962,83,1589f6de-d2a4-4979-9114-1bf30b10e8fa
0.703181688273132,27,1f3d2635-ed92-4829-a6be-4ad8ab1d698a
0.8913506155631975,31,f797726f-0c9b-422b-b170-e3074799fb37
1.2761672997073692,83,85037e0c-d6f6-4156-91f4-9d84cc580c8d
1.244395995856907,83,4f82ca39-99b0-471b-8f2e-c863b2922209
0.24111528990563347,9,993bcdca-3388-4bd0-af4b-83250a59d5af
0.2419433988475574,5,d2573c26-6ce1-4249-ba5d-8d6e25b68d36
0.6551787065006746,27,a0910db4-eec2-47c8-a1f6-1751b4afbe40
0.08715608466654821,2,562e448a-8be7-4fa7-90a8-1090b0b95f5f
0.3145837126083448,11,e444ff73-7a73-4a8d-9755-8bf4501ce847
0.2576755345540139,9,0c1c26dc-9927-455d-a1af-12b0af92f948
0.6269913906260547,27,99b9d9ae-984f-418c-be55-50b3e62ad548
0.561095375692778,4,d96e487f-b921-44a3-8654-830ae85098d5
0.11393681581481203,2,b276e1a2-3c2c-4c1d-a5fc-b0a6b180e799
0.7558897064679301,83,7819c708-d64d-4222-875d-cf87282e288f
0.7023581504197022,27,c287ad0a-45ee-4d67-b690-31542994e3aa
0.8913506155631975,31,5120a2b0-944b-4ee0-b028-e1d1d6e278a1
0.9520082436537842,83,fa5a2b5f-b657-46aa-8d79-dd25e45f11cf
0.23187617822651918,5,11efee98-b7c8-486c-b8a9-5b76ba2163a4
1.056560435025136,83,e755d469-f207-4686-ac98-1ad9d5ee020d
0.5633241057908069,27,3d081fc9-a7a5-4f50-89f1-d5c28bc30b98
0.06214573551695296,3,c1c30db0-8be9-43a9-ae60-ce6dd25c2775
0.3247313130192358,11,bd5fae56-9f88-4ff8-981e-ce59072aab1b
0.15409133894569357,7,30783a9f-d84d-4d9a-9ee3-a01cdbcaac3c
0.11185510106455014,6,2b54d820-55b8-4f4d-9da0-42dcf1da6be3
0.6595300819122687,27,864936a0-511e-43b8-9e12-260256d0fd03
0.43461220103480624,4,77d35ee8-7918-4fdd-957a-b781812794e0
0.14227885878716665,4,1b2119ed-58fe-4dcd-b684-401002c2907d
0.2504609111267367,1,36b701a0-6e4a-40fd-9f9c-f079cb14196f
0.08022765034094831,0,d237cf18-55fd-4cb4-845d-804fb5fa6ca7
1.2848672398117962,84,1589f6de-d2a4-4979-9114-1bf30b10e8fa
0.703181688273132,28,1f3d2635-ed92-4829-a6be-4ad8ab1d698a
0.8913506155631975,32,f797726f-0c9b-422b-b170-e3074799fb37
1.2761672997073692,84,85037e0c-d6f6-4156-91f4-9d84cc580c8d
0.24111528990563347,10,993bcdca-3388-4bd0-af4b-83250a59d5af
0.08715608466654821,3,562e448a-8be7-4fa7-90a8-1090b0b95f5f
0.3145837126083448,12,e444ff73-7a73-4a8d-9755-8bf4501ce847
0.2576755345540139,10,0c1c26dc-9927-455d-a1af-12b0af92f948
0.561095375692778,5,d96e487f-b921-44a3-8654-830ae85098d5
0.8913506155631975,32,5120a2b0-944b-4ee0-b028-e1d1d6e278a1
0.9520082436537842,84,fa5a2b5f-b657-46aa-8d79-dd25e45f11cf
0.6595300819122687,28,864936a0-511e-43b8-9e12-260256d0fd03
0.43461220103480624,5,77d35ee8-7918-4fdd-957a-b781812794e0
0.14227885878716665,5,1b2119ed-58fe-4dcd-b684-401002c2907d
0.2504609111267367,2,36b701a0-6e4a-40fd-9f9c-f079cb14196f
0.08022765034094831,1,d237cf18-55fd-4cb4-845d-804fb5fa6ca7
1.0468393598763361,84,f55f1bb3-2f5c-4b6e-ad30-fee0bee7347b
0.9688174551416469,28,4aed3c95-8645-4cc4-abbd-ef77e316fd55
0.2416966652946333,10,6a4c3a9c-c7ac-44dd-bb78-a9925663d005
0.35119644178735654,12,8cbc365c-673f-4120-8ab2-1a108a78d408
0.2574070881690226,10,736db605-31a7-46ae-b857-565f3c236f90
0.13276086778914867,3,d9c8ba98-829a-4303-9efc-e114dac2e8da
0.7575605927229879,28,17638896-1ce1-40be-a903-69ff88e2c384
0.2333380523177086,6,b8e6255b-9193-45b8-b0e6-92401b517ab2
0.6234781791128035,28,fcf62fe0-06ea-4c32-834b-4c9e7bf71881
0.482645189337258,12,85f3354c-069f-4471-a074-8bff01db1597
0.4344118930131181,5,989ffbaf-51e7-4cbe-8320-b30067084c92
0.1782206871102121,5,fbd3371e-80e8-470f-bf82-a5c8bf4b0d4a
0.08679824901588314,1,7be52dfa-1fd7-4ac8-bd8e-3d6d1b009114
0.09110563777136713,0,3cfc0cce-b4ed-4093-ba03-cdf4e44810d9
1.2848672398117962,85,1589f6de-d2a4-4979-9114-1bf30b10e8fa
0.703181688273132,29,1f3d2635-ed92-4829-a6be-4ad8ab1d698a
0.8913506155631975,33,f797726f-0c9b-422b-b170-e3074799fb37
1.2761672997073692,85,85037e0c-d6f6-4156-91f4-9d84cc580c8d
0.24111528990563347,11,993bcdca-3388-4bd0-af4b-83250a59d5af
0.3145837126083448,13,e444ff73-7a73-4a8d-9755-8bf4501ce847
0.561095375692778,6,d96e487f-b921-44a3-8654-830ae85098d5
0.8913506155631975,33,5120a2b0-944b-4ee0-b028-e1d1d6e278a1
0.9520082436537842,85,fa5a2b5f-b657-46aa-8d79-dd25e45f11cf
0.43461220103480624,6,77d35ee8-7918-4fdd-957a-b781812794e0
0.2504609111267367,3,36b701a0-6e4a-40fd-9f9c-f079cb14196f
0.9688174551416469,29,4aed3c95-8645-4cc4-abbd-ef77e316fd55
0.13276086778914867,4,d9c8ba98-829a-4303-9efc-e114dac2e8da
0.7575605927229879,29,17638896-1ce1-40be-a903-69ff88e2c384
0.6234781791128035,29,fcf62fe0-06ea-4c32-834b-4c9e7bf71881
0.482645189337258,13,85f3354c-069f-4471-a074-8bff01db1597
0.4344118930131181,6,989ffbaf-51e7-4cbe-8320-b30067084c92
0.1782206871102121,6,fbd3371e-80e8-470f-bf82-a5c8bf4b0d4a
0.08679824901588314,2,7be52dfa-1fd7-4ac8-bd8e-3d6d1b009114
0.09110563777136713,1,3cfc0cce-b4ed-4093-ba03-cdf4e44810d9
0.5936675940917265,33,fbd3ca80-2699-4503-9d26-38b968f462df
0.29959876968569343,13,c7cba84d-9717-4e1e-adca-5197670107bf
0.2588188790302815,11,a2ea4ef2-0c27-4ede-a6a7-382e71b56cc1
0.3815041480452562,6,0bb8318b-395a-4bc1-9b3e-17422587c56d
0.20746825868888674,3,2f5de1fc-018b-42be-a744-5309496aefa4
0.8703252370363145,29,67fad931-64c8-41e3-bd21-beada5b76366
0.8162575366812783,29,597863f8-f457-42e7-a5f3-e431fd171b01
0.23718552912130428,7,ffaa9fd9-96db-4ff6-9fde-987b9bd7e2d9
0.34359629181346846,6,c97eb359-aa0e-447c-ad4d-9b5be9d31058
0.10457018397302395,0,b902020f-e911-4793-bf4e-b33c6459c0bf
1.2848672398117962,86,1589f6de-d2a4-4979-9114-1bf30b10e8fa
0.8913506155631975,34,f797726f-0c9b-422b-b170-e3074799fb37
1.2761672997073692,86,85037e0c-d6f6-4156-91f4-9d84cc580c8d
0.561095375692778,7,d96e487f-b921-44a3-8654-830ae85098d5
0.8913506155631975,34,5120a2b0-944b-4ee0-b028-e1d1d6e278a1
0.9520082436537842,86,fa5a2b5f-b657-46aa-8d79-dd25e45f11cf
0.43461220103480624,7,77d35ee8-7918-4fdd-957a-b781812794e0
0.2504609111267367,4,36b701a0-6e4a-40fd-9f9c-f079cb14196f
0.9688174551416469,30,4aed3c95-8645-4cc4-abbd-ef77e316fd55
0.482645189337258,14,85f3354c-069f-4471-a074-8bff01db1597
0.4344118930131181,7,989ffbaf-51e7-4cbe-8320-b30067084c92
0.5936675940917265,34,fbd3ca80-2699-4503-9d26-38b968f462df
0.2588188790302815,12,a2ea4ef2-0c27-4ede-a6a7-382e71b56cc1
0.3815041480452562,7,0bb8318b-395a-4bc1-9b3e-17422587c56d
0.8703252370363145,30,67fad931-64c8-41e3-bd21-beada5b76366
0.34359629181346846,7,c97eb359-aa0e-447c-ad4d-9b5be9d31058
0.10457018397302395,1,b902020f-e911-4793-bf4e-b33c6459c0bf
0.5403294922194791,30,db35915c-fcfd-495d-9e64-5c4843d1a60a
0.23660879985345865,12,4211cb07-a474-4f74-8952-ab98a15825cf
0.7083223205394368,86,812d1d2c-78b4-4429-b9b3-8c9cc21102ca
0.2884314500568197,4,49a00da3-8168-4be4-8f80-e2c92634941f
0.993570606271716,30,6ce866f1-e352-4de3-bdfa-cc11d0e81add
0.895628788201284,30,8de70608-3037-4e7b-b3ee-3438678a6872
0.30104991196113073,14,343629d1-51a3-43c3-ab8e-c2a06484226d
0.17874944576930774,2,8f23f238-dc04-472a-a9cb-2309f31db7e3
0.5641100584532464,34,584cac32-c54d-4e26-a3de-8676bb4c4b2f
0.3368589545311306,14,c9409d09-c5c0-4b8b-8f33-c8804f1a9736
0.3857846129118335,7,036a733b-c228-4dca-82d5-2614ef172039
0.11383655853801818,4,507ae129-872b-47d5-aac6-4bfe5a335f7c
0.20055498076657796,0,2a7644f2-6797-47b8-b604-616700430f1b
1.2848672398117962,87,1589f6de-d2a4-4979-9114-1bf30b10e8fa
0.8913506155631975,35,f797726f-0c9b-422b-b170-e3074799fb37
1.2761672997073692,87,85037e0c-d6f6-4156-91f4-9d84cc580c8d
0.561095375692778,8,d96e487f-b921-44a3-8654-830ae85098d5
0.8913506155631975,35,5120a2b0-944b-4ee0-b028-e1d1d6e278a1
0.43461220103480624,8,77d35ee8-7918-4fdd-957a-b781812794e0
0.2504609111267367,5,36b701a0-6e4a-40fd-9f9c-f079cb14196f
0.9688174551416469,31,4aed3c95-8645-4cc4-abbd-ef77e316fd55
0.482645189337258,15,85f3354c-069f-4471-a074-8bff01db1597
0.5936675940917265,35,fbd3ca80-2699-4503-9d26-38b968f462df
0.3815041480452562,8,0bb8318b-395a-4bc1-9b3e-17422587c56d
0.8703252370363145,31,67fad931-64c8-41e3-bd21-beada5b76366
0.10457018397302395,2,b902020f-e911-4793-bf4e-b33c6459c0bf
0.2884314500568197,5,49a00da3-8168-4be4-8f80-e2c92634941f
0.993570606271716,31,6ce866f1-e352-4de3-bdfa-cc11d0e81add
0.17874944576930774,3,8f23f238-dc04-472a-a9cb-2309f31db7e3
0.3857846129118335,8,036a733b-c228-4dca-82d5-2614ef172039
0.20055498076657796,1,2a7644f2-6797-47b8-b604-616700430f1b
1.3590792841374368,87,fb09c73c-0807-4feb-80ba-5e742fb28b08
0.4396249613579902,8,ac3a28f3-abd5-48fa-b765-069d6ae6e1fc
0.4466854717372243,8,8382b284-53b1-4821-b873-197c089e77d0
0.35698622773541266,8,c4a06358-6ce6-4e4d-82a0-449788a032bc
0.8904251885148801,31,9f91d9ce-5756-411e-9e4d-107ee8c15873
0.32030653911390733,8,78e8f412-c36f-46d2-a1cd-52fe7a48770c
0.23650012432619508,13,c603017c-88b1-40da-861f-47fbcd403646
1.128378521746085,87,f22fd7e1-0166-41d9-9082-9f76c993c29a
0.29390703533509294,5,3f6a90e8-5ec0-41d5-afc3-043fa41d8341
0.4914519914646961,31,4d51e56e-790b-4a8f-aed1-8b5dc048ade9
0.4164576724141531,8,814642dd-07bb-477b-aa4c-43c230fb27e0
0.152108365255298,0,0b59744d-c14c-4220-9542-82a04bc3beaa
1.2848672398117962,88,1589f6de-d2a4-4979-9114-1bf30b10e8fa
1.2761672997073692,88,85037e0c-d6f6-4156-91f4-9d84cc580c8d
0.561095375692778,9,d96e487f-b921-44a3-8654-830ae85098d5
0.8913506155631975,36,5120a2b0-944b-4ee0-b028-e1d1d6e278a1
0.2504609111267367,6,36b701a0-6e4a-40fd-9f9c-f079cb14196f
0.9688174551416469,32,4aed3c95-8645-4cc4-abbd-ef77e316fd55
0.993570606271716,32,6ce866f1-e352-4de3-bdfa-cc11d0e81add
0.17874944576930774,4,8f23f238-dc04-472a-a9cb-2309f31db7e3
0.20055498076657796,2,2a7644f2-6797-47b8-b604-616700430f1b
1.3590792841374368,88,fb09c73c-0807-4feb-80ba-5e742fb28b08
0.4396249613579902,9,ac3a28f3-abd5-48fa-b765-069d6ae6e1fc
0.4466854717372243,9,8382b284-53b1-4821-b873-197c089e77d0
0.8904251885148801,32,9f91d9ce-5756-411e-9e4d-107ee8c15873
1.128378521746085,88,f22fd7e1-0166-41d9-9082-9f76c993c29a
0.29390703533509294,6,3f6a90e8-5ec0-41d5-afc3-043fa41d8341
0.152108365255298,1,0b59744d-c14c-4220-9542-82a04bc3beaa
0.303023084832526,9,fce6e13d-4965-4972-ac9d-b3838df7987c
0.3696718414416634,9,22ef47d5-43ca-4f9f-911a-dd7eac487c3c
0.1744721506091029,6,c4b9cc6c-beb3-4a53-933e-da9a81e6d00e
0.8986455443864181,32,3b830e69-5edf-40fd-9bf2-15af63f97d11
0.2528671430407749,16,e1571dcf-4836-4ce2-b123-af2537a4f429
0.8868596603942398,32,54221c77-e5e5-41fb-9341-7f19e3dcb4d8
0.3154574909148764,6,eee70ec9-97c0-4b42-a413-32f6a2dd14a5
0.9638424613690352,32,4e76ffbc-c524-4515-bb90-5ade65632821
0.1986915131964122,2,a34f89cd-9e87-4283-96b8-b64bd295939d
0.9500243978813033,88,99a906d9-fc3a-467b-ab37-67a372be564a
0.38697301011085694,9,8ef47968-6d36-44b2-86ca-36276e499662
0.9779100114923784,32,dd64696e-c8a9-4a6f-8c9c-a3bd0f4df20d
1.1313006474608969,88,332a2f2c-e228-4d6f-a3ee-9f42dca090c7
0.11753023029131365,0,2920da46-e062-47d8-90d2-b2d2795349c4
1.2848672398117962,89,1589f6de-d2a4-4979-9114-1bf30b10e8fa
1.2761672997073692,89,85037e0c-d6f6-4156-91f4-9d84cc580c8d
0.561095375692778,10,d96e487f-b921-44a3-8654-830ae85098d5
0.9688174551416469,33,4aed3c95-8645-4cc4-abbd-ef77e316fd55
0.993570606271716,33,6ce866f1-e352-4de3-bdfa-cc11d0e81add
0.20055498076657796,3,2a7644f2-6797-47b8-b604-616700430f1b
1.3590792841374368,89,fb09c73c-0807-4feb-80ba-5e742fb28b08
0.4466854717372243,10,8382b284-53b1-4821-b873-197c089e77d0
1.128378521746085,89,f22fd7e1-0166-41d9-9082-9f76c993c29a
0.29390703533509294,7,3f6a90e8-5ec0-41d5-afc3-043fa41d8341
0.1744721506091029,7,c4b9cc6c-beb3-4a53-933e-da9a81e6d00e
0.8868596603942398,33,54221c77-e5e5-41fb-9341-7f19e3dcb4d8
0.3154574909148764,7,eee70ec9-97c0-4b42-a413-32f6a2dd14a5
0.1986915131964122,3,a34f89cd-9e87-4283-96b8-b64bd295939d
0.9779100114923784,33,dd64696e-c8a9-4a6f-8c9c-a3bd0f4df20d
1.1313006474608969,89,332a2f2c-e228-4d6f-a3ee-9f42dca090c7
0.11753023029131365,1,2920da46-e062-47d8-90d2-b2d2795349c4
1.2447889210220293,89,c883bb82-856b-4984-b847-ed6ce05e4647
1.0167537070673363,89,21500d8b-2e2a-4fba-8df9-a087f195af90
1.0292863808233514,33,7bcb9f3f-fdc3-450c-88e8-f0695ba48df1
0.1684155247431057,5,25874f2b-4b83-48c1-8167-8382131ae261
0.19409155674580741,3,8316ad9f-decb-4258-871c-c78ceb388a40
0.4425912247279799,10,c1dfc5b4-a0b0-466f-befb-5c0df6ad4469
0.33892466569886587,7,281b6a56-0407-48da-b617-c6e6a230cf92
0.15323930003529548,2,8c9dbff4-2a74-403c-b0f0-85b9024b3454
0.4352183507910571,10,47251298-0b68-400b-92f7-d2ce7a39eb90
0.9624621723042805,33,e34b0d52-85ff-4416-9efe-77516a491eae
1.1219482616468952,89,6008e794-c3ef-4c90-b2bb-38fe06ad6087
0.1336002453430843,1,2e02f864-3436-4c9e-ad73-0912b5ce597a
0.07500325468427463,0,134baeac-0647-4def-8d0b-ff062380c441
